lid_id
10
22
14
23
24
25
19
26
26
27
27
27
27
27
28
29
30
31
32
33
34
34
35
36
37
37
38
39
40
41
42
42
42
43
43
43
43
43
43
7
7
7
7
7
7
7
7
7
7
7
7
43
43
43
43
43
43
43
43
43
43
43
43
43
44
43
43
43
43
43
7
43
43
43
43
44
43
7
45
46
47
47
48
49
49
50
51
49
52
53
49
43
43
43
43
54
43
43
54
55
56
43
57
43
58
59
60
61
62
45
63
63
64
65
66
43
43
43
43
43
43
43
43
43
43
43
43
54
49
45
64
67
68
62
63
69
54
70
49
49
43
63
41
43
43
49
49
49
71
49
43
41
72
73
74
67
75
63
76
77
78
79
80
81
82
49
83
49
49
49
84
85
49
49
43
43
43
43
43
43
43
43
43
43
43
43
43
43
43
43
43
43
43
43
43
43
43
43
43
43
43
43
43
43
43
43
43
43
43
43
43
43
43
43
43
43
43
43
43
43
43
43
43
43
43
43
43
43
43
43
43
43
43
43
43
43
43
86
87
88
89
90
91
92
93
94
95
96
97
98
99
100
43
49
43
102
103
43
104
105
106
107
49
108
109
110
110
111
112
113
113
113
113
113
113
114
115
116
117
113
118
119
49
113
113
113
120
113
49
121
113
113
113
122
123
124
113
125
126
127
49
49
49
128
129
130
131
132
133
134
135
136
49
137
113
113
113
49
113
56
138
139
139
140
141
113
113
142
63
143
49
49
103
113
113
145
146
147
49
148
113
113
149
150
151
152
153
154
155
156
157
113
158
159
160
161
162
163
164
113
44
49
49
49
49
41
49
41
41
165
113
49
167
169
170
136
136
136
136
113
113
136
136
136
136
136
136
136
136
136
136
171
49
136
136
113
113
113
113
174
175
176
177
178
113
179
113
49
180
49
113
113
181
181
182
183
184
185
186
188
189
190
191
192
193
194
195
197
49
113
200
201
202
203
205
206
207
136
49
208
209
210
213
214
215
215
215
216
217
218
218
113
222
224
225
224
226
227
228
229
136
136
231
232
233
234
235
113
113
113
113
236
237
113
239
240
240
72
113
242
242
136
243
242
242
242
242
242
242
242
242
242
244
242
136
242
242
136
245
246
247
248
136
250
252
253
254
255
256
257
257
258
259
260
261
262
263
264
265
266
267
268
268
268
269
270
271
272
273
274
113
275
276
277
278
279
279
280
281
282
283
136
284
285
286
287
289
72
290
113
49
113
136
292
293
294
296
297
298
136
299
300
300
300
301
303
304
305
308
309
309
310
311
312
136
321
322
113
136
136
136
136
136
323
324
325
325
