tid_id
1
2
1
1
2
5
5
5
5
8
9
9
9
9
9
10
10
1
10
10
10
10
10
12
12
12
1
14
2
2
15
15
15
16
16
16
16
16
16
2
2
2
2
2
2
2
2
3
3
3
1
16
16
16
16
16
16
16
16
16
17
17
18
19
19
16
19
18
20
20
17
19
19
17
17
17
17
17
16
1
22
22
17
22
22
23
23
23
22
22
17
17
17
17
17
22
22
22
22
22
22
22
22
22
17
17
17
22
11
11
19
19
17
24
24
17
17
17
17
17
17
17
17
17
24
17
22
22
19
18
17
17
19
19
12
25
22
22
18
18
17
17
17
22
17
13
13
26
27
22
22
18
17
17
18
17
17
17
17
17
27
27
17
17
17
17
17
17
17
17
27
22
22
28
17
17
17
17
17
17
28
28
28
17
17
17
17
28
17
17
17
28
17
17
17
28
28
17
28
17
28
22
28
17
17
17
28
28
17
17
17
17
17
17
17
17
17
17
17
17
17
17
22
17
22
22
22
22
22
22
22
22
22
22
22
22
17
13
29
29
29
29
29
29
29
29
29
22
22
30
30
30
30
22
22
18
17
17
31
31
31
31
22
31
31
31
31
31
31
17
17
17
17
17
17
22
22
22
22
17
22
22
12
12
12
18
22
17
17
22
17
17
17
22
22
22
22
22
22
17
22
22
22
33
33
33
33
33
33
22
33
34
33
22
22
22
22
22
22
22
22
22
22
24
24
24
24
24
24
24
39
39
40
41
22
35
35
35
22
35
39
42
22
43
43
43
43
43
44
44
44
44
44
44
44
44
44
35
45
46
46
46
45
45
45
45
45
45
45
45
49
22
22
22
53
53
53
53
53
42
42
54
54
54
54
54
54
54
54
54
54
55
55
54
54
42
54
48
58
58
58
58
58
22
24
58
41
42
41
61
42
42
65
65
67
67
67
67
67
67
67
67
72
75
75
75
42
42
81
88
89
89
92
94
100
97
102
103
106
106
108
42
110
48
114
114
114
115
115
115
115
17
118
118
118
118
118
118
118
119
131
132
106
134
135
136
136
137
137
137
137
106
72
143
144
144
144
140
150
167
167
167
167
167
167
167
167
167
167
167
167
167
167
167
167
167
167
161
169
169
169
169
171
170
178
179
179
179
179
179
179
179
182
182
182
183
182
182
182
182
184
184
184
184
183
183
179
185
185
185
185
179
185
185
179
185
185
179
185
185
185
185
185
185
185
186
195
180
197
198
203
206
212
212
212
212
213
214
215
215
218
220
220
220
226
225
225
231
225
237
237
225
235
238
242
243
245
37
234
234
234
234
234
249
249
249
249
