2
2
2
2
2
2
2
2
2
2
1
1
1
2
2
2
2
1
1
2
2
10
1
2
11
12
1
10
1
1
1
2
2
18
32
33
33
2
34
35
34
34
2
1
2
25
1
2
37
38
10
40
41
32
10
42
43
10
17
48
49
10
52
35
53
54
1
57
58
58
60
32
62
63
10
65
64
66
69
71
72
72
50
73
77
78
79
80
81
86
33
87
88
89
90
91
87
92
92
93
94
87
95
96
97
10
98
2
99
10
34
101
62
62
32
102
105
1
108
108
108
108
108
108
108
108
108
108
108
108
114
116
117
118
119
2
120
121
122
125
126
128
127
129
130
131
132
133
134
137
138
139
139
140
142
135
143
67
2
144
145
146
147
148
149
150
32
151
152
153
154
155
156
32
67
158
158
159
1
161
162
32
10
163
164
1
166
167
168
168
169
170
171
172
173
174
175
176
177
178
179
180
182
183
184
185
186
187
188
190
191
194
176
195
196
197
201
202
203
204
205
205
206
207
208
210
211
208
212
213
214
215
216
217
218
2
2
220
221
222
221
223
208
225
226
227
228
229
2
