latitude
25.03598900
25.03235400
121.51569400
121.52473700
121.51717500
25.00920700
25.03660400
25.03224730
25.03119300
25.03224700
25.03217400
25.03748000
25.03514000
25.01033600
25.04292900
25.05450700
25.05658700
25.05940200
25.00860600
25.04792400
25.00746100
25.00847100
25.06239200
25.03247400
25.00870800
24.98691300
24.98623300
24.98815000
25.08148790
25.08441000
25.08384000
25.08590000
25.00826500
121.51480010
121.51462080
0.00000000
40.77943700
25.04614100
121.54297360
121.53444980
25.03541500
25.00575250
25.04354660
25.03555300
25.03803400
25.03677500
25.03847800
25.01553000
25.03660400
25.01592400
25.01498600
25.03000900
25.03284400
25.03738500
25.04114600
25.03818890
25.03276500
25.05762200
25.05812700
25.05773700
25.04313700
25.03745300
25.03636100
25.00761900
25.00735000
25.00671300
25.00741000
25.03748000
25.03357000
25.02648200
25.04616700
25.07965140
25.01299400
25.03102000
121.51429450
121.51428420
25.05083300
24.98998400
24.98965200
121.54908660
121.51880470
25.03713300
25.03711120
25.03592980
25.03611890
25.03583710
25.03584630
25.03584820
25.03586150
25.03587160
25.03587500
25.03586150
25.03586330
25.03585420
25.03585710
25.03844200
25.03788390
25.03699780
25.03688540
25.03691820
25.03590590
25.03485700
25.01988600
22.62498100
22.62235200
22.61973300
22.61887700
22.62603800
22.63112740
22.63123000
22.61095800
22.61638900
25.03296940
25.03890900
25.03547590
25.03433110
25.03433110
25.03684500
25.04620000
25.03617590
25.03620020
25.03842460
25.04137710
25.03996980
25.03635880
25.04469130
25.04641600
23.96968190
23.75938580
23.60712100
23.36014780
22.68004960
22.66916700
25.03843120
22.64849200
38.79459520
25.03827050
25.04496820
25.04482180
25.03617430
25.03617690
25.03620140
25.03624010
25.03709950
24.99587140
24.99529140
25.04850200
25.00746400
25.03691190
25.03464250
25.08424400
25.13797260
25.12688250
25.09226430
25.03586330
25.03587880
25.03586560
25.03696430
25.03698660
25.03698220
25.03694000
25.03692460
25.04429200
25.03571660
25.03585510
25.04024870
25.03622180
25.00674560
25.05833500
23.70571100
25.03611270
25.03593370
25.05492000
25.03590750
25.03597250
25.01214120
25.03705430
25.04399600
25.03786180
25.03597770
25.03794400
24.18581880
23.66359110
23.67971600
23.70529060
23.71261700
23.72866120
23.73172400
23.72665600
23.75433960
24.28157900
25.28426710
25.28426320
25.05411600
25.01235310
25.03390500
25.03446680
25.05166440
22.72192920
22.72195970
22.72195740
24.93582640
24.98790300
24.08543230
24.99061890
24.95372330
24.95372330
25.03982020
25.04303590
24.98057730
24.94514420
24.94514010
24.94250720
25.06294600
24.95780070
22.30804700
22.71794700
23.08412200
24.93522750
24.95252220
25.04176240
24.82651770
24.82651380
24.82714600
24.82724180
24.82650500
24.67630160
24.66979300
25.07520570
22.68831500
25.20916400
22.90304050
25.14044800
22.67265050
22.65156020
24.67749030
24.98080600
22.85865670
23.60832300
24.34926700
25.03210150
24.83919000
24.84495100
24.83963000
23.98631300
23.97900700
23.98481450
23.98481980
34.67395260
22.68453930
24.96177280
25.02503210
37.56269390
37.56236850
37.56145400
37.56423510
37.56147480
37.55116900
23.96763510
23.94138100
23.85557500
23.47323000
23.67412330
23.67296980
23.66339300
23.66112700
25.00342400
25.00550000
24.14942000
24.25240050
35.23216830
22.72844520
22.72837050
22.72630960
35.15454400
25.04468030
24.86375500
35.09330360
24.84761900
35.09947520
24.86189010
24.86188410
25.05033220
25.08893700
25.04259000
25.02576700
22.04758000
24.09581470
22.99209390
24.15003500
22.59450800
25.09245350
25.12719770
25.16841940
22.59658300
24.66793800
25.02307110
24.82434700
24.17961300
23.86547270
24.14210800
23.09894020
24.96295100
24.98414200
25.03473100
24.14467200
24.09639400
25.03522500
25.04849500
25.00458790
26.68528410
24.97020220
24.77297820
24.79584890
24.79568990
24.79575750
24.79572500
24.79582420
24.79582870
24.79577240
25.04898000
23.24698050
42.81030400
42.90899500
42.84571400
