longitude
121.51516500
121.51832000
25.03367800
25.03625200
25.03148600
121.52071600
121.51380500
121.50958050
121.51217000
121.50958100
121.51582300
121.51491700
121.51708300
121.51404100
121.50570300
121.53286200
121.53293200
121.53981000
121.51974300
121.51708100
121.51371500
121.51615600
121.53124100
121.51703100
121.52055800
121.57481400
121.57584300
121.57607400
121.59764370
121.59548000
121.59350700
121.60167000
121.52088900
25.03572020
25.03553830
0.00000000
-73.96324400
121.54405000
25.04575990
25.05562050
121.51370200
121.51808730
121.49131820
121.51349100
121.51499100
121.51513600
121.58604600
121.51612700
121.51380500
121.53200700
121.53333300
121.53584780
121.54359900
121.58466900
121.56596300
121.55889890
121.57035400
121.53620000
121.53427700
121.53460600
121.56282200
121.51423500
121.51491500
121.51831800
121.51871800
121.51731800
121.51835800
121.51491700
121.51580300
121.53946000
121.51407300
121.23421700
121.21487900
121.51725500
25.03715140
25.03708600
121.54991700
121.30692700
121.30680200
25.05002760
25.00672610
121.51429250
121.51428550
121.51460530
121.51444150
121.51464640
121.51464380
121.51463370
121.51464210
121.51461970
121.51463570
121.51462880
121.51463070
121.51463830
121.51463080
121.52708670
121.58570710
121.51468720
121.51479830
121.51471310
121.51457790
121.50789090
121.54878400
120.29927500
120.26930900
120.26643300
120.26694000
120.28302000
120.29628860
120.29630400
120.30171600
120.30391500
121.56541770
121.58667300
121.57665640
121.57532860
121.57532860
121.51349580
121.51843200
121.51450090
121.51453280
121.53997560
121.56148010
121.56140930
121.52264640
121.51770170
121.51487500
120.95439540
120.60393260
120.54458300
120.43665650
120.31091980
120.30194000
121.52739060
120.30420800
106.53483790
121.52810600
121.51764180
121.51742230
121.51469450
121.51470590
121.51472280
121.51459690
121.51428260
121.53369970
121.53376300
121.53398300
121.51890000
121.51342420
121.51562530
121.52500200
121.54180440
121.54907100
121.52504570
121.51459730
121.51460820
121.51460090
121.51480440
121.51481170
121.51480550
121.51480210
121.51480950
121.53205800
121.51444540
121.51458370
121.56426300
121.51417670
121.51882560
121.54210700
120.19131550
121.51469640
121.51451190
121.51637000
121.51753900
121.51427840
121.46249130
121.51358710
121.56083680
121.58572450
121.51462280
121.49844400
120.55177550
120.77858470
120.76236700
120.78201030
120.78044100
120.77504190
120.74911000
120.75811200
120.74565750
120.60132200
121.51032860
121.51033110
121.50708100
121.53427110
121.51587230
121.51514070
121.48678090
120.28801780
120.28796680
120.28797430
121.25377210
121.57473400
120.70044970
121.46893310
121.22929590
121.22929590
121.56730140
121.56360320
121.31374650
121.37232230
121.37232690
121.37323140
121.53361000
121.23447180
113.91848080
114.22896400
114.38254100
121.25233430
121.22843310
121.62225120
121.77028710
121.77029570
121.77229100
121.77242120
121.77026290
121.76819640
121.62496100
121.28238390
120.30996700
121.65482500
120.53915210
121.71121000
120.33253850
120.27378410
121.76838020
121.67461300
120.26393970
120.53618900
120.77849500
121.46715090
121.17060800
121.17690000
121.17008200
120.49531000
120.49728100
120.50053610
120.50053920
135.49906740
120.50010880
121.53705460
121.54497670
126.99920430
126.97702540
126.98372550
126.98657540
126.98326960
126.98822700
120.96359540
120.92704200
120.86878100
120.69757660
120.79592230
120.79079950
120.79381500
120.79777700
121.51715700
121.51367800
120.68528470
120.64656320
129.08736160
120.33093210
120.33118090
120.33421350
129.06004000
121.51717990
121.55143900
129.00910050
121.55122100
129.03159650
121.54995330
121.54999050
121.51616850
121.82714800
121.77655100
121.73874200
121.56547000
120.71275390
120.19586990
120.71224200
120.33951500
121.26869970
121.46000300
121.44577040
120.34580950
121.65228000
121.42327460
120.97516070
120.60832800
120.91209940
120.67902100
121.22257130
121.25606400
121.01787000
121.52193400
120.72783550
120.66002300
121.38953900
121.56243000
121.30971630
127.87958760
121.32525580
121.02299530
120.96759860
120.96767550
120.96769920
120.96772700
120.96766820
120.96766020
120.96768800
121.51707700
120.34370170
141.67705800
140.74011730
140.68542900
