46
103
245
171
132
12
206
29
18
31
179
67
11
13
30
23
44
19
118
27
89
46
30
245
131
13
12
103
31
29
206
186
44
27
23
195
19
18
144
132
46
103
12
206
13
29
27
245
171
11
31
30
23
19
18
179
131
118
67
44
46
103
245
12
29
27
186
67
44
31
23
18
118
30
206
19
179
132
13
11
46
31
18
132
131
12
67
44
30
29
27
23
19
186
171
13
118
11
103
245
46
245
12
23
132
103
44
31
30
29
27
19
186
18
13
118
67
206
171
131
46
103
245
206
13
12
44
31
30
29
27
23
19
18
132
131
11
67
186
171
46
103
245
12
206
171
30
29
27
67
44
31
23
19
186
18
179
132
13
118
46
245
103
29
12
118
11
67
44
31
30
27
23
206
19
18
179
132
13
186
89
245
206
15
144
136
131
13
12
103
67
46
44
31
3
29
27
26
24
23
89
180
13
12
97
46
41
35
33
30
26
245
215
206
167
16
144
136
131
103
12
46
29
27
245
131
11
67
44
31
30
195
186
179
13
118
103
89
23
206
46
103
30
245
131
12
44
31
23
19
18
171
132
13
11
67
29
27
206
186
46
103
245
29
12
67
30
27
23
186
131
44
31
19
18
179
171
13
118
11
46
206
13
12
11
29
245
18
103
44
31
30
27
23
19
132
118
67
186
179
12
46
31
29
27
245
212
180
169
15
144
136
131
103
89
72
67
65
5
48
46
103
245
131
12
29
27
171
30
206
186
13
11
67
44
31
23
19
18
132
46
13
12
31
245
23
206
186
171
132
131
103
44
30
29
27
19
18
118
11
46
103
12
245
67
44
31
29
27
19
18
132
13
118
11
30
23
186
171
131
46
245
30
13
11
44
31
27
206
179
132
131
12
118
103
67
29
23
19
186
46
245
103
132
131
44
30
206
171
13
12
118
11
67
31
29
27
23
19
186
46
217
245
111
146
148
142
105
141
172
127
77
133
98
74
193
113
220
12
229
46
103
29
245
12
30
27
206
132
13
11
44
31
23
19
186
179
67
18
171
46
245
12
103
30
29
18
44
31
186
132
13
11
27
23
206
118
67
19
179
31
206
132
131
12
89
67
46
3
29
27
245
195
180
18
144
135
118
11
9
89
245
12
103
9
46
33
30
206
186
144
131
13
54
48
44
43
31
27
26
12
89
8
67
5
48
46
44
43
31
30
3
29
27
26
245
24
237
23
206
89
46
33
30
28
27
245
180
17
167
16
144
136
131
13
12
108
103
8
58
67
46
29
27
245
206
132
131
12
103
89
44
31
30
23
195
186
18
179
171
46
245
131
12
31
206
18
132
11
103
67
44
30
29
27
23
19
186
13
118
46
132
131
12
31
30
29
245
18
11
67
44
27
23
206
19
186
179
171
13
46
12
103
245
30
29
27
131
13
186
67
44
31
23
206
19
18
179
132
118
46
44
30
245
179
131
13
12
11
67
31
29
27
23
206
19
186
18
132
118
46
245
44
13
12
103
29
23
206
18
132
131
118
11
67
31
30
27
19
186
46
12
31
13
44
30
245
18
132
11
103
67
29
23
206
19
186
118
27
179
46
245
12
103
23
206
19
18
179
132
67
44
31
30
29
27
186
131
13
118
46
206
12
103
31
245
23
18
132
13
67
44
29
27
19
186
171
131
118
11
46
103
245
12
31
30
29
27
186
13
44
132
131
118
23
206
19
18
179
11
46
103
245
206
12
29
27
132
11
67
44
31
30
186
18
171
131
13
23
19
46
12
103
245
206
67
44
31
30
29
27
13
11
23
186
18
132
118
19
179
29
27
245
206
169
144
136
131
12
89
65
46
37
33
30
3
26
24
226
212
46
13
12
103
44
31
30
29
27
245
23
18
11
67
206
19
186
131
118
171
46
245
103
12
29
27
171
131
30
23
206
186
132
13
11
67
44
31
19
18
46
103
245
206
131
12
31
30
29
186
171
13
118
67
44
27
23
19
18
132
131
12
31
245
206
132
103
46
30
29
27
19
186
18
171
13
118
11
67
44
46
245
206
12
31
29
186
18
11
103
67
44
30
27
23
179
132
13
118
19
46
245
12
23
132
103
67
31
29
19
186
18
13
118
44
30
27
206
131
11
46
245
19
12
103
44
29
27
23
206
13
67
31
30
186
18
131
118
11
132
46
12
103
245
186
31
30
29
206
19
18
132
13
118
67
44
27
23
171
131
46
12
103
245
23
186
179
67
44
31
30
29
27
206
19
18
171
132
131
13
46
245
103
131
30
23
206
12
44
19
132
31
29
27
18
13
118
67
186
171
12
89
8
5
48
46
33
31
30
29
245
180
167
144
136
134
132
131
11
108
46
245
29
12
44
31
19
13
118
11
67
23
186
18
171
132
103
30
27
206
46
103
245
206
12
132
67
31
30
29
27
23
18
13
44
186
179
118
11
19
46
12
31
29
27
245
206
132
131
67
30
23
186
18
13
11
103
19
118
44
46
27
245
19
12
103
67
44
29
206
186
18
13
11
31
30
23
179
118
131
46
245
103
206
131
12
44
31
30
23
19
18
132
13
11
67
29
27
186
179
46
245
103
12
206
186
44
30
29
23
18
179
131
31
27
19
171
132
13
118
46
245
11
103
67
44
31
29
171
13
12
30
27
23
19
18
132
131
118
186
46
103
245
171
12
44
31
23
18
132
13
11
67
30
29
27
206
19
186
131
5
41
220
206
15
132
131
12
97
9
89
72
67
54
46
42
35
34
31
3
46
103
44
245
13
12
11
67
31
30
29
27
23
18
171
118
19
186
179
206
46
245
44
30
13
12
118
67
29
27
23
206
19
18
11
103
31
186
132
131
46
206
132
131
12
31
30
245
13
118
11
103
67
44
29
27
186
18
179
171
46
206
13
12
103
31
29
245
18
67
44
30
27
23
19
186
132
131
118
11
46
245
12
103
13
30
29
27
132
11
67
44
31
206
19
186
18
23
131
179
89
134
131
12
9
8
72
65
54
5
45
41
35
33
31
26
245
24
234
220
245
12
46
31
131
13
67
44
30
29
27
23
206
186
132
11
103
195
18
179
46
27
245
132
13
103
67
44
12
11
31
30
29
23
206
19
186
18
179
171
46
206
12
103
29
27
245
11
67
44
31
30
186
18
132
131
13
23
19
179
46
245
12
103
67
44
31
30
29
27
206
132
13
118
23
19
186
179
131
11
46
103
245
12
30
29
27
132
131
13
67
44
31
206
186
171
118
11
23
19
46
245
103
12
30
29
186
131
67
27
23
206
13
118
44
31
18
11
19
179
89
8
54
5
44
35
33
31
26
24
23
206
195
182
180
18
16
15
135
132
46
12
31
245
23
206
18
132
67
44
29
27
19
186
13
11
103
30
179
118
89
26
245
206
180
132
131
13
12
103
1
65
54
5
46
44
41
35
33
30
46
245
103
131
12
67
44
31
29
27
23
206
19
186
18
132
13
118
11
30
46
245
12
31
30
29
103
44
23
19
186
18
132
131
13
118
11
67
27
206
46
31
245
206
18
171
132
131
12
11
103
67
44
30
29
27
23
186
179
13
97
89
54
5
44
41
35
33
26
24
220
215
206
2
195
180
170
167
15
132
46
103
245
132
29
12
30
27
18
171
131
11
44
206
19
186
118
31
23
179
46
103
206
245
171
132
131
12
217
89
44
31
30
29
195
13
11
111
146
159
46
245
206
103
18
12
44
31
23
186
132
131
13
118
67
29
27
19
11
30
46
12
67
44
31
30
29
27
245
23
19
186
179
132
13
11
103
18
171
118
46
245
12
206
186
103
67
31
30
29
27
23
19
18
132
131
13
118
44
179
46
245
27
12
103
31
29
206
13
67
30
23
186
132
131
44
19
18
118
11
46
103
30
29
27
245
206
132
13
12
11
67
44
31
23
19
186
18
179
171
46
103
245
12
31
30
131
67
44
29
27
23
212
206
19
186
18
132
13
118
46
103
245
132
131
206
171
31
29
13
12
118
44
30
27
11
67
23
19
186
46
245
103
67
29
27
206
12
44
31
30
23
19
186
179
171
132
13
118
11
46
103
245
206
12
67
44
31
30
29
19
186
118
11
27
23
18
179
132
13
46
12
103
245
31
30
206
18
132
13
11
67
29
27
23
19
186
171
131
118
89
67
5
46
3
29
27
245
206
169
15
144
136
131
13
12
10
9
72
48
46
103
245
171
31
12
13
23
11
67
30
18
29
19
186
44
27
179
118
132
46
103
30
245
132
13
12
11
67
44
31
29
27
171
118
23
206
19
186
18
46
103
245
206
27
12
29
18
13
11
44
31
30
19
179
67
23
186
171
118
46
103
245
12
67
44
31
30
29
27
23
19
186
18
131
13
118
11
206
132
12
67
46
44
29
27
245
13
118
11
31
30
23
206
195
186
18
179
89
234
12
29
103
67
46
44
31
30
27
245
171
132
131
13
118
11
89
23
206
195
89
46
44
29
27
245
206
195
132
131
13
12
118
11
103
67
31
30
23
19
46
12
103
245
67
44
30
29
27
179
171
132
13
118
11
31
23
206
19
186
46
12
31
23
206
18
132
103
67
44
29
27
245
19
186
131
13
118
11
30
245
12
46
206
89
67
43
31
30
29
27
26
23
220
186
18
144
132
13
103
46
245
131
30
12
103
44
31
27
23
206
195
19
186
18
171
144
132
13
118
89
8
65
5
33
31
30
26
245
24
23
206
19
180
17
16
15
144
136
132
46
31
29
27
245
206
12
118
67
44
30
23
19
186
18
131
13
11
103
179
46
245
12
31
29
27
131
13
44
30
23
206
19
186
18
132
118
11
103
67
46
103
245
206
132
131
12
31
30
23
13
67
44
29
27
186
18
179
11
19
46
245
103
13
12
118
44
31
30
29
27
132
67
23
19
186
18
131
11
206
46
29
27
245
131
12
103
30
206
186
13
11
67
44
31
23
212
19
18
118
46
245
67
44
29
27
23
206
19
18
132
131
13
12
11
31
30
186
118
103
46
12
30
245
132
13
11
103
31
29
27
206
186
18
131
67
44
19
179
171
46
245
103
31
29
27
18
171
131
12
11
67
44
30
23
206
19
186
132
118
46
44
31
245
12
118
67
30
29
23
195
186
18
131
13
11
103
27
206
19
46
103
245
12
31
23
18
131
13
11
67
44
30
27
19
179
171
132
29
206
46
12
103
245
67
44
31
29
27
23
19
186
18
13
118
30
179
171
132
131
46
245
103
30
29
27
131
13
67
31
23
206
19
186
132
12
118
11
44
18
46
245
103
12
206
31
29
27
23
186
67
18
44
30
19
11
179
132
131
13
46
103
13
12
31
245
23
206
19
18
131
11
67
44
30
29
27
186
171
118
46
12
44
31
27
245
23
19
186
18
132
13
118
11
67
30
29
206
179
103
46
12
29
27
245
67
44
31
30
23
186
13
118
11
103
206
19
18
179
171
54
5
180
15
132
12
11
9
89
67
46
44
33
31
30
3
29
27
26
245
46
132
12
103
67
31
30
29
27
245
206
13
11
44
23
19
186
171
131
118
46
245
206
12
67
44
29
27
132
13
118
11
103
31
30
23
19
186
18
179
46
245
12
67
44
30
29
27
206
13
11
31
23
19
186
18
132
118
103
179
46
245
103
31
206
18
132
13
12
11
67
44
30
29
27
23
19
186
179
171
46
103
245
206
13
12
30
171
132
131
11
67
44
31
29
27
18
23
19
186
46
245
103
206
12
44
31
23
18
132
131
13
11
67
29
27
19
186
118
30
13
12
46
31
245
23
206
186
18
132
131
118
89
67
44
30
29
195
11
27
46
29
245
144
13
12
9
89
44
43
35
33
31
30
28
27
23
220
206
19
46
103
245
132
206
29
27
18
12
67
30
11
44
31
23
19
179
13
118
171
46
103
245
206
12
131
31
186
132
13
118
67
44
30
29
27
23
19
18
171
46
132
12
67
44
30
29
27
179
118
11
103
31
245
23
19
186
18
13
206
46
206
103
13
44
245
132
131
12
67
31
29
27
23
19
18
11
30
186
171
46
245
206
12
103
30
186
13
44
31
27
23
19
18
179
171
132
131
118
11
89
44
31
245
195
131
13
12
11
67
46
33
29
27
23
220
206
18
15
132
12
103
46
29
27
245
131
13
30
186
67
44
31
206
19
18
179
118
11
23
46
103
30
245
206
132
13
12
67
44
31
29
27
118
11
23
19
186
18
179
67
46
44
30
29
27
245
206
195
171
131
13
12
11
103
31
23
19
186
18
89
54
45
26
24
220
206
195
180
15
134
132
131
12
11
1
97
9
72
67
46
103
31
245
206
12
11
44
29
23
18
179
171
132
131
13
118
67
30
27
46
245
103
44
23
13
12
11
30
29
206
19
18
179
132
118
67
31
27
186
46
12
103
67
44
31
30
29
27
245
23
206
19
186
18
132
13
118
11
179
46
12
245
13
11
67
44
31
30
29
27
206
23
19
18
132
118
103
186
179
46
103
245
13
12
44
31
30
27
23
206
19
186
18
179
132
131
118
11
67
46
12
31
245
206
67
29
27
23
18
11
44
30
19
186
179
131
13
118
103
46
245
103
31
30
132
13
12
29
27
171
118
67
44
206
186
179
131
11
23
46
103
245
12
206
171
67
44
31
30
29
27
23
19
186
18
179
131
13
118
245
46
44
131
13
12
11
67
31
29
27
206
18
30
23
19
186
132
118
103
46
245
103
206
12
67
31
29
27
11
44
30
23
186
18
131
13
118
179
132
12
9
89
8
75
72
67
65
58
55
54
5
48
46
45
44
43
41
39
37
89
46
44
30
27
245
206
195
180
132
131
13
12
11
67
31
29
23
215
19
46
245
12
103
31
206
18
132
13
11
67
44
30
29
27
23
19
186
131
118
46
13
12
31
30
245
206
131
11
44
29
27
23
186
18
132
118
103
67
19
46
103
245
67
29
23
131
12
30
27
186
118
44
31
206
19
18
132
13
11
46
245
31
206
18
132
12
103
67
29
23
19
186
131
13
118
11
44
30
27
65
33
245
12
110
89
37
31
30
24
234
23
220
212
206
20
19
17
15
144
46
245
103
30
29
171
132
12
67
44
31
27
23
206
19
186
18
179
13
118
46
103
206
12
31
245
18
13
11
67
44
30
29
27
23
19
186
179
171
132
46
103
245
12
29
13
44
18
131
118
30
27
11
67
31
23
19
171
186
179
46
103
245
206
131
132
12
13
31
30
29
27
186
18
11
67
23
19
118
44
46
245
103
30
29
171
131
12
67
44
31
27
23
186
18
179
13
118
11
19
46
245
206
12
103
44
31
30
29
27
23
19
186
18
179
132
13
118
11
67
46
245
103
13
171
44
29
23
206
132
131
12
31
30
27
19
18
11
67
186
46
103
245
206
12
67
44
30
29
27
171
132
13
11
31
23
19
186
18
131
12
245
46
29
206
13
11
44
31
30
27
23
19
186
18
131
118
103
67
171
97
94
89
8
65
54
5
45
44
41
35
34
33
31
26
245
243
24
234
220
12
46
31
29
27
245
131
11
103
67
30
186
132
13
44
23
206
19
18
118
46
103
245
29
12
30
27
171
13
44
31
23
206
19
186
18
179
132
131
118
46
245
103
206
67
44
30
29
27
13
12
11
31
23
19
186
18
132
118
131
46
245
206
103
12
30
13
44
31
29
27
23
19
186
18
11
179
132
131
118
89
65
54
5
46
45
44
35
33
30
26
245
24
234
215
206
2
195
180
17
46
245
23
13
12
103
67
44
31
30
29
27
206
19
132
131
118
212
186
18
12
245
46
29
26
206
186
131
13
89
44
30
27
23
19
180
18
169
16
144
46
245
12
206
132
30
29
18
103
67
31
27
23
186
179
131
13
11
44
19
46
245
103
206
132
131
12
31
29
27
23
13
67
44
30
19
186
171
11
18
46
12
103
30
29
27
245
13
11
67
44
31
23
19
186
18
171
132
131
118
9
89
65
33
28
245
234
134
131
12
110
8
58
54
5
48
46
45
44
43
29
27
245
136
131
12
103
89
72
65
46
33
30
26
242
234
22
212
206
186
46
245
103
67
44
31
29
27
132
13
12
118
30
23
206
19
186
18
131
11
46
103
245
206
18
13
12
11
67
44
31
30
29
27
23
19
171
132
186
118
46
245
103
44
30
131
13
12
11
67
31
29
27
23
206
19
18
132
118
186
12
9
89
67
65
54
5
48
46
44
33
30
3
29
28
27
26
25
245
242
46
12
31
206
18
11
67
44
29
27
245
23
19
186
132
131
13
118
103
179
46
103
245
12
118
67
31
29
27
186
132
131
13
44
30
23
206
19
18
11
12
31
206
67
46
29
27
245
23
19
186
18
132
131
13
118
11
44
30
103
89
245
17
144
131
13
12
110
46
45
44
33
31
30
29
27
23
220
215
212
12
97
9
89
72
65
48
46
45
41
39
35
33
30
29
28
25
245
242
234
46
206
245
132
13
12
103
67
44
31
29
27
11
30
23
19
186
18
179
171
46
12
245
31
30
23
186
132
131
13
118
11
103
67
44
29
27
206
19
18
245
12
89
206
13
46
44
31
30
26
23
19
186
180
18
144
134
131
11
103
46
12
245
103
67
31
30
29
27
23
186
44
19
18
179
132
131
13
118
11
46
245
12
103
30
29
27
206
171
67
44
186
132
13
11
31
23
19
18
179
46
103
245
206
132
12
171
44
30
29
31
23
19
131
13
11
67
27
186
18
46
245
27
171
103
23
18
132
131
11
44
31
30
29
12
67
19
186
13
118
46
245
103
12
13
44
31
30
206
186
171
132
23
19
18
11
67
29
27
179
46
245
12
30
29
27
186
13
11
103
67
44
31
23
206
179
131
118
19
18
46
245
103
44
31
30
27
23
206
19
18
179
171
132
131
13
12
118
11
67
