1	46	4.88
1	103	4.84
1	245	4.4
1	171	3.16
1	132	3.12
1	12	3.04
1	206	2.8
1	29	2.76
1	18	2.76
1	31	2.64
1	179	2.64
1	67	2.6
1	11	2.6
1	13	2.56
1	30	2.52
1	23	2.52
1	44	2.44
1	19	2.44
1	118	2.4
1	27	2.36
2	89	5
2	46	5
2	30	5
2	245	5
2	131	5
2	13	5
2	12	5
2	103	5
2	31	4.96
2	29	4.96
2	206	4.96
2	186	4.96
2	44	4.92
2	27	4.92
2	23	4.92
2	195	4.92
2	19	4.92
2	18	4.92
2	144	4.92
2	132	4.92
3	46	4.28
3	103	4
3	12	3.92
3	206	3.88
3	13	3.88
3	29	3.84
3	27	3.84
3	245	3.84
3	171	3.84
3	11	3.84
3	31	3.8
3	30	3.8
3	23	3.8
3	19	3.8
3	18	3.8
3	179	3.8
3	131	3.8
3	118	3.8
3	67	3.76
3	44	3.76
4	46	4.2
4	103	3.8
4	245	3.76
4	12	3.68
4	29	3.64
4	27	3.64
4	186	3.64
4	67	3.6
4	44	3.6
4	31	3.6
4	23	3.6
4	18	3.6
4	118	3.6
4	30	3.56
4	206	3.56
4	19	3.56
4	179	3.56
4	132	3.56
4	13	3.56
4	11	3.56
5	46	4.28
5	31	3.88
5	18	3.88
5	132	3.88
5	131	3.88
5	12	3.88
5	67	3.84
5	44	3.84
5	30	3.84
5	29	3.84
5	27	3.84
5	23	3.84
5	19	3.84
5	186	3.84
5	171	3.84
5	13	3.84
5	118	3.84
5	11	3.84
5	103	3.84
5	245	3.8
6	46	4.56
6	245	4.24
6	12	4.24
6	23	4.2
6	132	4.2
6	103	4.2
6	44	4.16
6	31	4.16
6	30	4.16
6	29	4.16
6	27	4.16
6	19	4.16
6	186	4.16
6	18	4.16
6	13	4.16
6	118	4.16
6	67	4.12
6	206	4.12
6	171	4.12
6	131	4.12
7	46	4.64
7	103	4.4
7	245	4.36
7	206	4.36
7	13	4.36
7	12	4.36
7	44	4.32
7	31	4.32
7	30	4.32
7	29	4.32
7	27	4.32
7	23	4.32
7	19	4.32
7	18	4.32
7	132	4.32
7	131	4.32
7	11	4.32
7	67	4.28
7	186	4.28
7	171	4.28
8	46	4.08
8	103	3.8
8	245	3.76
8	12	3.76
8	206	3.72
8	171	3.72
8	30	3.68
8	29	3.68
8	27	3.68
8	67	3.64
8	44	3.64
8	31	3.64
8	23	3.64
8	19	3.64
8	186	3.64
8	18	3.64
8	179	3.64
8	132	3.64
8	13	3.64
8	118	3.64
9	46	4.48
9	245	3.96
9	103	3.88
9	29	3.84
9	12	3.84
9	118	3.84
9	11	3.84
9	67	3.8
9	44	3.8
9	31	3.8
9	30	3.8
9	27	3.8
9	23	3.8
9	206	3.8
9	19	3.8
9	18	3.8
9	179	3.8
9	132	3.8
9	13	3.8
9	186	3.72
10	89	5
10	245	5
10	206	5
10	15	5
10	144	5
10	136	5
10	131	5
10	13	5
10	12	5
10	103	5
10	67	4.96
10	46	4.96
10	44	4.96
10	31	4.96
10	3	4.96
10	29	4.96
10	27	4.96
10	26	4.96
10	24	4.96
10	23	4.96
11	89	5
11	180	5
11	13	5
11	12	5
11	97	4.96
11	46	4.96
11	41	4.96
11	35	4.96
11	33	4.96
11	30	4.96
11	26	4.96
11	245	4.96
11	215	4.96
11	206	4.96
11	167	4.96
11	16	4.96
11	144	4.96
11	136	4.96
11	131	4.96
11	103	4.96
12	12	4.96
12	46	4.92
12	29	4.92
12	27	4.92
12	245	4.92
12	131	4.92
12	11	4.92
12	67	4.88
12	44	4.88
12	31	4.88
12	30	4.88
12	195	4.88
12	186	4.88
12	179	4.88
12	13	4.88
12	118	4.88
12	103	4.88
12	89	4.84
12	23	4.84
12	206	4.84
14	46	4.6
14	103	4.56
14	30	4.52
14	245	4.52
14	131	4.52
14	12	4.52
14	44	4.48
14	31	4.48
14	23	4.48
14	19	4.48
14	18	4.48
14	171	4.48
14	132	4.48
14	13	4.48
14	11	4.48
14	67	4.44
14	29	4.44
14	27	4.44
14	206	4.44
14	186	4.44
16	46	4.64
16	103	4.24
16	245	4.2
16	29	4.12
16	12	4.12
16	67	4.08
16	30	4.08
16	27	4.08
16	23	4.08
16	186	4.08
16	131	4.08
16	44	4.04
16	31	4.04
16	19	4.04
16	18	4.04
16	179	4.04
16	171	4.04
16	13	4.04
16	118	4.04
16	11	4.04
17	46	4.44
17	206	4
17	13	4
17	12	4
17	11	4
17	29	3.96
17	245	3.96
17	18	3.96
17	103	3.96
17	44	3.92
17	31	3.92
17	30	3.92
17	27	3.92
17	23	3.92
17	19	3.92
17	132	3.92
17	118	3.92
17	67	3.88
17	186	3.88
17	179	3.88
18	12	5
18	46	4.96
18	31	4.96
18	29	4.96
18	27	4.96
18	245	4.96
18	212	4.96
18	180	4.96
18	169	4.96
18	15	4.96
18	144	4.96
18	136	4.96
18	131	4.96
18	103	4.96
18	89	4.92
18	72	4.92
18	67	4.92
18	65	4.92
18	5	4.92
18	48	4.92
19	46	4.24
19	103	4.16
19	245	4.12
19	131	4.08
19	12	4.08
19	29	4.04
19	27	4.04
19	171	4.04
19	30	4
19	206	4
19	186	4
19	13	4
19	11	4
19	67	3.96
19	44	3.96
19	31	3.96
19	23	3.96
19	19	3.96
19	18	3.96
19	132	3.96
21	46	4.16
21	13	3.8
21	12	3.8
21	31	3.76
21	245	3.76
21	23	3.76
21	206	3.76
21	186	3.76
21	171	3.76
21	132	3.76
21	131	3.76
21	103	3.76
21	44	3.72
21	30	3.72
21	29	3.72
21	27	3.72
21	19	3.72
21	18	3.72
21	118	3.72
21	11	3.72
22	46	4.64
22	103	4.36
22	12	4.28
22	245	4.24
22	67	4.2
22	44	4.2
22	31	4.2
22	29	4.2
22	27	4.2
22	19	4.2
22	18	4.2
22	132	4.2
22	13	4.2
22	118	4.2
22	11	4.2
22	30	4.16
22	23	4.16
22	186	4.16
22	171	4.16
22	131	4.16
23	46	4.2
23	245	3.76
23	30	3.72
23	13	3.72
23	11	3.72
23	44	3.68
23	31	3.68
23	27	3.68
23	206	3.68
23	179	3.68
23	132	3.68
23	131	3.68
23	12	3.68
23	118	3.68
23	103	3.68
23	67	3.64
23	29	3.64
23	23	3.64
23	19	3.64
23	186	3.64
24	46	4.44
24	245	4.08
24	103	4.08
24	132	3.92
24	131	3.92
24	44	3.88
24	30	3.88
24	206	3.88
24	171	3.88
24	13	3.88
24	12	3.88
24	118	3.88
24	11	3.88
24	67	3.84
24	31	3.84
24	29	3.84
24	27	3.84
24	23	3.84
24	19	3.84
24	186	3.84
25	46	2.6
25	217	1.22908
25	245	1.2
25	111	1.19133
25	146	1.18063
25	148	1.17063
25	142	1.16925
25	105	1.16862
25	141	1.16494
25	172	1.16374
25	127	1.16348
25	77	1.16318
25	133	1.16236
25	98	1.16175
25	74	1.16168
25	193	1.1614
25	113	1.16008
25	220	1.16
25	12	1.16
25	229	1.15811
26	46	4.56
26	103	4.44
26	29	4.4
26	245	4.4
26	12	4.4
26	30	4.36
26	27	4.36
26	206	4.36
26	132	4.36
26	13	4.36
26	11	4.36
26	44	4.32
26	31	4.32
26	23	4.32
26	19	4.32
26	186	4.32
26	179	4.32
26	67	4.28
26	18	4.28
26	171	4.28
27	46	4.4
27	245	4.12
27	12	4.12
27	103	4.12
27	30	4.08
27	29	4.08
27	18	4.08
27	44	4.04
27	31	4.04
27	186	4.04
27	132	4.04
27	13	4.04
27	11	4.04
27	27	4
27	23	4
27	206	4
27	118	4
27	67	3.96
27	19	3.96
27	179	3.96
32	31	5
32	206	5
32	132	5
32	131	5
32	12	5
32	89	4.96
32	67	4.96
32	46	4.96
32	3	4.96
32	29	4.96
32	27	4.96
32	245	4.96
32	195	4.96
32	180	4.96
32	18	4.96
32	144	4.96
32	135	4.96
32	118	4.96
32	11	4.96
32	9	4.92
33	89	5
33	245	5
33	12	5
33	103	5
33	9	4.96
33	46	4.96
33	33	4.96
33	30	4.96
33	206	4.96
33	186	4.96
33	144	4.96
33	131	4.96
33	13	4.96
33	54	4.92
33	48	4.92
33	44	4.92
33	43	4.92
33	31	4.92
33	27	4.92
33	26	4.92
34	12	5
34	89	4.96
34	8	4.96
34	67	4.96
34	5	4.96
34	48	4.96
34	46	4.96
34	44	4.96
34	43	4.96
34	31	4.96
34	30	4.96
34	3	4.96
34	29	4.96
34	27	4.96
34	26	4.96
34	245	4.96
34	24	4.96
34	237	4.96
34	23	4.96
34	206	4.96
35	89	5
35	46	5
35	33	5
35	30	5
35	28	5
35	27	5
35	245	5
35	180	5
35	17	5
35	167	5
35	16	5
35	144	5
35	136	5
35	131	5
35	13	5
35	12	5
35	108	5
35	103	5
35	8	4.96
35	58	4.96
37	67	5
37	46	5
37	29	5
37	27	5
37	245	5
37	206	5
37	132	5
37	131	5
37	12	5
37	103	5
37	89	4.96
37	44	4.96
37	31	4.96
37	30	4.96
37	23	4.96
37	195	4.96
37	186	4.96
37	18	4.96
37	179	4.96
37	171	4.96
38	46	4.52
38	245	4.24
38	131	4.24
38	12	4.24
38	31	4.2
38	206	4.2
38	18	4.2
38	132	4.2
38	11	4.2
38	103	4.2
38	67	4.16
38	44	4.16
38	30	4.16
38	29	4.16
38	27	4.16
38	23	4.16
38	19	4.16
38	186	4.16
38	13	4.16
38	118	4.16
39	46	4.72
39	132	4.48
39	131	4.48
39	12	4.48
39	31	4.44
39	30	4.44
39	29	4.44
39	245	4.44
39	18	4.44
39	11	4.44
39	67	4.4
39	44	4.4
39	27	4.4
39	23	4.4
39	206	4.4
39	19	4.4
39	186	4.4
39	179	4.4
39	171	4.4
39	13	4.4
40	46	4.44
40	12	4.28
40	103	4.28
40	245	4.24
40	30	4.2
40	29	4.2
40	27	4.2
40	131	4.2
40	13	4.2
40	186	4.16
40	67	4.12
40	44	4.12
40	31	4.12
40	23	4.12
40	206	4.12
40	19	4.12
40	18	4.12
40	179	4.12
40	132	4.12
40	118	4.12
41	46	5
41	44	5
41	30	5
41	245	5
41	179	5
41	131	5
41	13	5
41	12	5
41	11	5
41	67	4.96
41	31	4.96
41	29	4.96
41	27	4.96
41	23	4.96
41	206	4.96
41	19	4.96
41	186	4.96
41	18	4.96
41	132	4.96
41	118	4.96
42	46	4.08
42	245	3.8
42	44	3.76
42	13	3.76
42	12	3.76
42	103	3.76
42	29	3.72
42	23	3.72
42	206	3.72
42	18	3.72
42	132	3.72
42	131	3.72
42	118	3.72
42	11	3.72
42	67	3.68
42	31	3.68
42	30	3.68
42	27	3.68
42	19	3.68
42	186	3.64
43	46	4
43	12	3.88
43	31	3.84
43	13	3.84
43	44	3.8
43	30	3.8
43	245	3.8
43	18	3.8
43	132	3.8
43	11	3.8
43	103	3.8
43	67	3.76
43	29	3.76
43	23	3.76
43	206	3.76
43	19	3.76
43	186	3.76
43	118	3.76
43	27	3.72
43	179	3.72
44	46	4.4
44	245	4.32
44	12	4.32
44	103	4.32
44	23	4.28
44	206	4.28
44	19	4.28
44	18	4.28
44	179	4.28
44	132	4.28
44	67	4.24
44	44	4.24
44	31	4.24
44	30	4.24
44	29	4.24
44	27	4.24
44	186	4.24
44	131	4.24
44	13	4.24
44	118	4.24
45	46	4.56
45	206	4.16
45	12	4.16
45	103	4.16
45	31	4.12
45	245	4.12
45	23	4.12
45	18	4.12
45	132	4.12
45	13	4.12
45	67	4.08
45	44	4.08
45	29	4.08
45	27	4.08
45	19	4.08
45	186	4.08
45	171	4.08
45	131	4.08
45	118	4.08
45	11	4.08
46	46	4.64
46	103	4.4
46	245	4.36
46	12	4.32
46	31	4.28
46	30	4.28
46	29	4.28
46	27	4.28
46	186	4.28
46	13	4.28
46	44	4.24
46	132	4.24
46	131	4.24
46	118	4.24
46	23	4.2
46	206	4.2
46	19	4.2
46	18	4.2
46	179	4.2
46	11	4.2
47	46	4.44
47	103	4
47	245	3.92
47	206	3.92
47	12	3.92
47	29	3.88
47	27	3.88
47	132	3.88
47	11	3.88
47	67	3.84
47	44	3.84
47	31	3.84
47	30	3.84
47	186	3.84
47	18	3.84
47	171	3.84
47	131	3.84
47	13	3.84
47	23	3.8
47	19	3.8
48	46	4.44
48	12	4.28
48	103	4.28
48	245	4.24
48	206	4.24
48	67	4.2
48	44	4.2
48	31	4.2
48	30	4.2
48	29	4.2
48	27	4.2
48	13	4.2
48	11	4.2
48	23	4.16
48	186	4.16
48	18	4.16
48	132	4.16
48	118	4.16
48	19	4.12
48	179	4.12
49	29	5
49	27	5
49	245	5
49	206	5
49	169	5
49	144	5
49	136	5
49	131	5
49	12	5
49	89	4.96
49	65	4.96
49	46	4.96
49	37	4.96
49	33	4.96
49	30	4.96
49	3	4.96
49	26	4.96
49	24	4.96
49	226	4.96
49	212	4.96
50	46	4.52
50	13	4.08
50	12	4.08
50	103	4.08
50	44	4.04
50	31	4.04
50	30	4.04
50	29	4.04
50	27	4.04
50	245	4.04
50	23	4.04
50	18	4.04
50	11	4.04
50	67	4
50	206	4
50	19	4
50	186	4
50	131	4
50	118	4
50	171	3.96
51	46	4.24
51	245	3.72
51	103	3.72
51	12	3.68
51	29	3.64
51	27	3.64
51	171	3.64
51	131	3.64
51	30	3.6
51	23	3.6
51	206	3.6
51	186	3.6
51	132	3.6
51	13	3.6
51	11	3.6
51	67	3.56
51	44	3.56
51	31	3.56
51	19	3.56
51	18	3.56
52	46	4.48
52	103	4.04
52	245	4
52	206	3.96
52	131	3.96
52	12	3.96
52	31	3.92
52	30	3.92
52	29	3.92
52	186	3.92
52	171	3.92
52	13	3.92
52	118	3.92
52	67	3.88
52	44	3.88
52	27	3.88
52	23	3.88
52	19	3.88
52	18	3.88
52	132	3.88
53	131	5
53	12	5
53	31	4.96
53	245	4.96
53	206	4.96
53	132	4.96
53	103	4.96
53	46	4.92
53	30	4.92
53	29	4.92
53	27	4.92
53	19	4.92
53	186	4.92
53	18	4.92
53	171	4.92
53	13	4.92
53	118	4.92
53	11	4.92
53	67	4.88
53	44	4.88
54	46	4.32
54	245	3.96
54	206	3.96
54	12	3.96
54	31	3.92
54	29	3.92
54	186	3.92
54	18	3.92
54	11	3.92
54	103	3.92
54	67	3.88
54	44	3.88
54	30	3.88
54	27	3.88
54	23	3.88
54	179	3.88
54	132	3.88
54	13	3.88
54	118	3.88
54	19	3.84
57	46	4.48
57	245	4.24
57	12	4.16
57	23	4.12
57	132	4.12
57	103	4.12
57	67	4.08
57	31	4.08
57	29	4.08
57	19	4.08
57	186	4.08
57	18	4.08
57	13	4.08
57	118	4.08
57	44	4.04
57	30	4.04
57	27	4.04
57	206	4.04
57	131	4.04
57	11	4.04
58	46	4.64
58	245	4.44
58	19	4.4
58	12	4.4
58	103	4.4
58	44	4.36
58	29	4.36
58	27	4.36
58	23	4.36
58	206	4.36
58	13	4.36
58	67	4.32
58	31	4.32
58	30	4.32
58	186	4.32
58	18	4.32
58	131	4.32
58	118	4.32
58	11	4.32
58	132	4.28
59	46	4.6
59	12	4.4
59	103	4.4
59	245	4.36
59	186	4.36
59	31	4.32
59	30	4.32
59	29	4.32
59	206	4.32
59	19	4.32
59	18	4.32
59	132	4.32
59	13	4.32
59	118	4.32
59	67	4.28
59	44	4.28
59	27	4.28
59	23	4.28
59	171	4.28
59	131	4.28
60	46	4.68
60	12	4.36
60	103	4.36
60	245	4.28
60	23	4.28
60	186	4.28
60	179	4.28
60	67	4.24
60	44	4.24
60	31	4.24
60	30	4.24
60	29	4.24
60	27	4.24
60	206	4.24
60	19	4.24
60	18	4.24
60	171	4.24
60	132	4.24
60	131	4.24
60	13	4.24
61	46	4.04
61	245	3.68
61	103	3.68
61	131	3.64
61	30	3.6
61	23	3.6
61	206	3.6
61	12	3.6
61	44	3.56
61	19	3.56
61	132	3.56
61	31	3.52
61	29	3.52
61	27	3.52
61	18	3.52
61	13	3.52
61	118	3.52
61	67	3.48
61	186	3.48
61	171	3.48
62	12	5
62	89	4.96
62	8	4.96
62	5	4.96
62	48	4.96
62	46	4.96
62	33	4.96
62	31	4.96
62	30	4.96
62	29	4.96
62	245	4.96
62	180	4.96
62	167	4.96
62	144	4.96
62	136	4.96
62	134	4.96
62	132	4.96
62	131	4.96
62	11	4.96
62	108	4.96
63	46	4
63	245	3.68
63	29	3.64
63	12	3.64
63	44	3.6
63	31	3.6
63	19	3.6
63	13	3.6
63	118	3.6
63	11	3.6
63	67	3.56
63	23	3.56
63	186	3.56
63	18	3.56
63	171	3.56
63	132	3.56
63	103	3.56
63	30	3.52
63	27	3.52
63	206	3.48
64	46	4.64
64	103	4.48
64	245	4.44
64	206	4.44
64	12	4.44
64	132	4.4
64	67	4.36
64	31	4.36
64	30	4.36
64	29	4.36
64	27	4.36
64	23	4.36
64	18	4.36
64	13	4.36
64	44	4.32
64	186	4.32
64	179	4.32
64	118	4.32
64	11	4.32
64	19	4.28
65	46	4.32
65	12	4.24
65	31	4.2
65	29	4.2
65	27	4.2
65	245	4.2
65	206	4.2
65	132	4.2
65	131	4.2
65	67	4.16
65	30	4.16
65	23	4.16
65	186	4.16
65	18	4.16
65	13	4.16
65	11	4.16
65	103	4.16
65	19	4.12
65	118	4.12
65	44	4.08
66	46	4.72
66	27	4.44
66	245	4.44
66	19	4.44
66	12	4.44
66	103	4.44
66	67	4.4
66	44	4.4
66	29	4.4
66	206	4.4
66	186	4.4
66	18	4.4
66	13	4.4
66	11	4.4
66	31	4.36
66	30	4.36
66	23	4.36
66	179	4.36
66	118	4.36
66	131	4.32
67	46	4.56
67	245	4.4
67	103	4.4
67	206	4.36
67	131	4.36
67	12	4.36
67	44	4.32
67	31	4.32
67	30	4.32
67	23	4.32
67	19	4.32
67	18	4.32
67	132	4.32
67	13	4.32
67	11	4.32
67	67	4.28
67	29	4.28
67	27	4.28
67	186	4.28
67	179	4.28
69	46	4.4
69	245	3.72
69	103	3.72
69	12	3.68
69	206	3.64
69	186	3.64
69	44	3.6
69	30	3.6
69	29	3.6
69	23	3.6
69	18	3.6
69	179	3.6
69	131	3.6
69	31	3.56
69	27	3.56
69	19	3.56
69	171	3.56
69	132	3.56
69	13	3.56
69	118	3.56
70	46	4.6
70	245	4.52
70	11	4.52
70	103	4.52
70	67	4.48
70	44	4.48
70	31	4.48
70	29	4.48
70	171	4.48
70	13	4.48
70	12	4.48
70	30	4.44
70	27	4.44
70	23	4.44
70	19	4.44
70	18	4.44
70	132	4.44
70	131	4.44
70	118	4.44
70	186	4.4
71	46	4.4
71	103	4.2
71	245	4.04
71	171	4.04
71	12	4.04
71	44	4
71	31	4
71	23	4
71	18	4
71	132	4
71	13	4
71	11	4
71	67	3.96
71	30	3.96
71	29	3.96
71	27	3.96
71	206	3.96
71	19	3.96
71	186	3.96
71	131	3.96
72	5	5
72	41	5
72	220	5
72	206	5
72	15	5
72	132	5
72	131	5
72	12	5
72	97	4.96
72	9	4.96
72	89	4.96
72	72	4.96
72	67	4.96
72	54	4.96
72	46	4.96
72	42	4.96
72	35	4.96
72	34	4.96
72	31	4.96
72	3	4.96
73	46	4.36
73	103	3.88
73	44	3.84
73	245	3.84
73	13	3.84
73	12	3.84
73	11	3.84
73	67	3.8
73	31	3.8
73	30	3.8
73	29	3.8
73	27	3.8
73	23	3.8
73	18	3.8
73	171	3.8
73	118	3.8
73	19	3.76
73	186	3.76
73	179	3.76
73	206	3.72
74	46	4.2
74	245	3.88
74	44	3.84
74	30	3.84
74	13	3.84
74	12	3.84
74	118	3.84
74	67	3.8
74	29	3.8
74	27	3.8
74	23	3.8
74	206	3.8
74	19	3.8
74	18	3.8
74	11	3.8
74	103	3.8
74	31	3.76
74	186	3.76
74	132	3.76
74	131	3.76
77	46	4.68
77	206	4.4
77	132	4.4
77	131	4.4
77	12	4.4
77	31	4.36
77	30	4.36
77	245	4.36
77	13	4.36
77	118	4.36
77	11	4.36
77	103	4.36
77	67	4.32
77	44	4.32
77	29	4.32
77	27	4.32
77	186	4.32
77	18	4.32
77	179	4.32
77	171	4.32
78	46	4.28
78	206	3.76
78	13	3.76
78	12	3.76
78	103	3.76
78	31	3.72
78	29	3.72
78	245	3.72
78	18	3.72
78	67	3.68
78	44	3.68
78	30	3.68
78	27	3.68
78	23	3.68
78	19	3.68
78	186	3.68
78	132	3.68
78	131	3.68
78	118	3.68
78	11	3.68
79	46	4.28
79	245	4.16
79	12	4.16
79	103	4.16
79	13	4.12
79	30	4.08
79	29	4.08
79	27	4.08
79	132	4.08
79	11	4.08
79	67	4.04
79	44	4.04
79	31	4.04
79	206	4.04
79	19	4.04
79	186	4.04
79	18	4.04
79	23	4
79	131	4
79	179	3.96
80	89	5
80	134	5
80	131	5
80	12	5
80	9	4.96
80	8	4.96
80	72	4.96
80	65	4.96
80	54	4.96
80	5	4.96
80	45	4.96
80	41	4.96
80	35	4.96
80	33	4.96
80	31	4.96
80	26	4.96
80	245	4.96
80	24	4.96
80	234	4.96
80	220	4.96
81	245	5
81	12	5
81	46	4.96
81	31	4.96
81	131	4.96
81	13	4.96
81	67	4.92
81	44	4.92
81	30	4.92
81	29	4.92
81	27	4.92
81	23	4.92
81	206	4.92
81	186	4.92
81	132	4.92
81	11	4.92
81	103	4.92
81	195	4.88
81	18	4.88
81	179	4.88
82	46	4.04
82	27	3.68
82	245	3.68
82	132	3.68
82	13	3.68
82	103	3.68
82	67	3.64
82	44	3.64
82	12	3.64
82	11	3.64
82	31	3.6
82	30	3.6
82	29	3.6
82	23	3.6
82	206	3.6
82	19	3.6
82	186	3.6
82	18	3.6
82	179	3.6
82	171	3.6
83	46	4.6
83	206	4.24
83	12	4.24
83	103	4.24
83	29	4.2
83	27	4.2
83	245	4.2
83	11	4.2
83	67	4.16
83	44	4.16
83	31	4.16
83	30	4.16
83	186	4.16
83	18	4.16
83	132	4.16
83	131	4.16
83	13	4.16
83	23	4.12
83	19	4.12
83	179	4.12
84	46	4.32
84	245	4
84	12	4
84	103	4
84	67	3.96
84	44	3.96
84	31	3.96
84	30	3.96
84	29	3.96
84	27	3.96
84	206	3.96
84	132	3.96
84	13	3.96
84	118	3.96
84	23	3.92
84	19	3.92
84	186	3.92
84	179	3.92
84	131	3.92
84	11	3.92
85	46	4.68
85	103	4.56
85	245	4.52
85	12	4.52
85	30	4.48
85	29	4.48
85	27	4.48
85	132	4.48
85	131	4.48
85	13	4.48
85	67	4.44
85	44	4.44
85	31	4.44
85	206	4.44
85	186	4.44
85	171	4.44
85	118	4.44
85	11	4.44
85	23	4.4
85	19	4.4
86	46	3.92
86	245	3.6
86	103	3.56
86	12	3.52
86	30	3.44
86	29	3.44
86	186	3.44
86	131	3.44
86	67	3.4
86	27	3.4
86	23	3.4
86	206	3.4
86	13	3.4
86	118	3.4
86	44	3.36
86	31	3.36
86	18	3.36
86	11	3.36
86	19	3.32
86	179	3.32
87	89	5
87	8	5
87	54	5
87	5	5
87	44	5
87	35	5
87	33	5
87	31	5
87	26	5
87	24	5
87	23	5
87	206	5
87	195	5
87	182	5
87	180	5
87	18	5
87	16	5
87	15	5
87	135	5
87	132	5
88	46	4.68
88	12	4.32
88	31	4.28
88	245	4.28
88	23	4.28
88	206	4.28
88	18	4.28
88	132	4.28
88	67	4.24
88	44	4.24
88	29	4.24
88	27	4.24
88	19	4.24
88	186	4.24
88	13	4.24
88	11	4.24
88	103	4.24
88	30	4.2
88	179	4.2
88	118	4.2
89	89	5
89	26	5
89	245	5
89	206	5
89	180	5
89	132	5
89	131	5
89	13	5
89	12	5
89	103	5
89	1	5
89	65	4.96
89	54	4.96
89	5	4.96
89	46	4.96
89	44	4.96
89	41	4.96
89	35	4.96
89	33	4.96
89	30	4.96
90	46	4.36
90	245	4.24
90	103	4.24
90	131	4.2
90	12	4.2
90	67	4.16
90	44	4.16
90	31	4.16
90	29	4.16
90	27	4.16
90	23	4.16
90	206	4.16
90	19	4.16
90	186	4.16
90	18	4.16
90	132	4.16
90	13	4.16
90	118	4.16
90	11	4.16
90	30	4.12
91	46	4.2
91	245	3.84
91	12	3.8
91	31	3.76
91	30	3.76
91	29	3.76
91	103	3.76
91	44	3.72
91	23	3.72
91	19	3.72
91	186	3.72
91	18	3.72
91	132	3.72
91	131	3.72
91	13	3.72
91	118	3.72
91	11	3.72
91	67	3.68
91	27	3.68
91	206	3.68
92	46	4.6
92	31	4.44
92	245	4.44
92	206	4.44
92	18	4.44
92	171	4.44
92	132	4.44
92	131	4.44
92	12	4.44
92	11	4.44
92	103	4.44
92	67	4.4
92	44	4.4
92	30	4.4
92	29	4.4
92	27	4.4
92	23	4.4
92	186	4.4
92	179	4.4
92	13	4.4
93	97	5
93	89	5
93	54	5
93	5	5
93	44	5
93	41	5
93	35	5
93	33	5
93	26	5
93	24	5
93	220	5
93	215	5
93	206	5
93	2	5
93	195	5
93	180	5
93	170	5
93	167	5
93	15	5
93	132	5
94	46	4.24
94	103	4.04
94	245	3.84
94	132	3.84
94	29	3.8
94	12	3.8
94	30	3.76
94	27	3.76
94	18	3.76
94	171	3.76
94	131	3.76
94	11	3.76
94	44	3.72
94	206	3.72
94	19	3.72
94	186	3.72
94	118	3.72
94	31	3.68
94	23	3.68
94	179	3.68
95	46	4.92
95	103	2.64
95	206	1.56
95	245	1.52
95	171	1.48
95	132	1.44
95	131	1.24
95	12	1.24
95	217	1.20877
95	89	1.2
95	44	1.2
95	31	1.2
95	30	1.2
95	29	1.2
95	195	1.2
95	13	1.2
95	11	1.2
95	111	1.18888
95	146	1.17212
95	159	1.17104
96	46	4.12
96	245	3.76
96	206	3.72
96	103	3.64
96	18	3.6
96	12	3.6
96	44	3.56
96	31	3.56
96	23	3.56
96	186	3.56
96	132	3.56
96	131	3.56
96	13	3.56
96	118	3.56
96	67	3.52
96	29	3.52
96	27	3.52
96	19	3.52
96	11	3.52
96	30	3.48
97	46	4.6
97	12	4.32
97	67	4.24
97	44	4.24
97	31	4.24
97	30	4.24
97	29	4.24
97	27	4.24
97	245	4.24
97	23	4.24
97	19	4.24
97	186	4.24
97	179	4.24
97	132	4.24
97	13	4.24
97	11	4.24
97	103	4.24
97	18	4.2
97	171	4.2
97	118	4.2
98	46	4.84
98	245	4.56
98	12	4.56
98	206	4.52
98	186	4.52
98	103	4.52
98	67	4.48
98	31	4.48
98	30	4.48
98	29	4.48
98	27	4.48
98	23	4.48
98	19	4.48
98	18	4.48
98	132	4.48
98	131	4.48
98	13	4.48
98	118	4.48
98	44	4.44
98	179	4.44
99	46	4.52
99	245	4.4
99	27	4.36
99	12	4.36
99	103	4.36
99	31	4.32
99	29	4.32
99	206	4.32
99	13	4.32
99	67	4.28
99	30	4.28
99	23	4.28
99	186	4.28
99	132	4.28
99	131	4.28
99	44	4.24
99	19	4.24
99	18	4.24
99	118	4.24
99	11	4.24
100	46	4.56
100	103	4.44
100	30	4.36
100	29	4.36
100	27	4.36
100	245	4.36
100	206	4.36
100	132	4.36
100	13	4.36
100	12	4.36
100	11	4.36
100	67	4.32
100	44	4.32
100	31	4.32
100	23	4.32
100	19	4.32
100	186	4.32
100	18	4.32
100	179	4.32
100	171	4.32
101	46	4.44
101	103	4.32
101	245	4.28
101	12	4.28
101	31	4.24
101	30	4.24
101	131	4.24
101	67	4.2
101	44	4.2
101	29	4.2
101	27	4.2
101	23	4.2
101	212	4.2
101	206	4.2
101	19	4.2
101	186	4.2
101	18	4.2
101	132	4.2
101	13	4.2
101	118	4.2
102	46	4.32
102	103	3.72
102	245	3.64
102	132	3.6
102	131	3.56
102	206	3.52
102	171	3.52
102	31	3.48
102	29	3.48
102	13	3.48
102	12	3.48
102	118	3.48
102	44	3.44
102	30	3.44
102	27	3.44
102	11	3.44
102	67	3.4
102	23	3.4
102	19	3.4
102	186	3.4
103	46	4.64
103	245	4.44
103	103	4.44
103	67	4.4
103	29	4.4
103	27	4.4
103	206	4.4
103	12	4.4
103	44	4.36
103	31	4.36
103	30	4.36
103	23	4.36
103	19	4.36
103	186	4.36
103	179	4.36
103	171	4.36
103	132	4.36
103	13	4.36
103	118	4.36
103	11	4.36
105	46	4.2
105	103	3.8
105	245	3.76
105	206	3.72
105	12	3.72
105	67	3.68
105	44	3.68
105	31	3.68
105	30	3.68
105	29	3.68
105	19	3.68
105	186	3.68
105	118	3.68
105	11	3.68
105	27	3.64
105	23	3.64
105	18	3.64
105	179	3.64
105	132	3.64
105	13	3.64
107	46	4.52
107	12	4.48
107	103	4.48
107	245	4.44
107	31	4.4
107	30	4.4
107	206	4.4
107	18	4.4
107	132	4.4
107	13	4.4
107	11	4.4
107	67	4.36
107	29	4.36
107	27	4.36
107	23	4.36
107	19	4.36
107	186	4.36
107	171	4.36
107	131	4.36
107	118	4.36
108	89	5
108	67	5
108	5	5
108	46	5
108	3	5
108	29	5
108	27	5
108	245	5
108	206	5
108	169	5
108	15	5
108	144	5
108	136	5
108	131	5
108	13	5
108	12	5
108	10	5
108	9	4.96
108	72	4.96
108	48	4.96
114	46	4.92
114	103	4.92
114	245	4.4
114	171	4.28
114	31	4.04
114	12	4.04
114	13	4
114	23	3.96
114	11	3.96
114	67	3.92
114	30	3.92
114	18	3.92
114	29	3.88
114	19	3.88
114	186	3.88
114	44	3.84
114	27	3.84
114	179	3.84
114	118	3.8
114	132	3.6
115	46	4.4
115	103	4.16
115	30	4.08
115	245	4.08
115	132	4.04
115	13	4.04
115	12	4.04
115	11	4.04
115	67	4
115	44	4
115	31	4
115	29	4
115	27	4
115	171	4
115	118	4
115	23	3.96
115	206	3.96
115	19	3.96
115	186	3.96
115	18	3.96
116	46	4.96
116	103	4.56
116	245	3.8
116	206	3.16
116	27	3
116	12	2.96
116	29	2.92
116	18	2.88
116	13	2.88
116	11	2.88
116	44	2.84
116	31	2.84
116	30	2.84
116	19	2.84
116	179	2.84
116	67	2.8
116	23	2.8
116	186	2.8
116	171	2.8
116	118	2.76
117	46	4.6
117	103	4.36
117	245	4.28
117	12	4.2
117	67	4.16
117	44	4.16
117	31	4.16
117	30	4.16
117	29	4.16
117	27	4.16
117	23	4.16
117	19	4.16
117	186	4.16
117	18	4.16
117	131	4.16
117	13	4.16
117	118	4.16
117	11	4.16
117	206	4.12
117	132	4.12
118	12	5
118	67	4.96
118	46	4.96
118	44	4.96
118	29	4.96
118	27	4.96
118	245	4.96
118	13	4.96
118	118	4.96
118	11	4.96
118	31	4.92
118	30	4.92
118	23	4.92
118	206	4.92
118	195	4.92
118	186	4.92
118	18	4.92
118	179	4.92
118	89	4.88
118	234	4.88
119	12	5
119	29	4.96
119	103	4.96
119	67	4.92
119	46	4.92
119	44	4.92
119	31	4.92
119	30	4.92
119	27	4.92
119	245	4.92
119	171	4.92
119	132	4.92
119	131	4.92
119	13	4.92
119	118	4.92
119	11	4.92
119	89	4.88
119	23	4.88
119	206	4.88
119	195	4.88
120	89	5
120	46	5
120	44	5
120	29	5
120	27	5
120	245	5
120	206	5
120	195	5
120	132	5
120	131	5
120	13	5
120	12	5
120	118	5
120	11	5
120	103	5
120	67	4.96
120	31	4.96
120	30	4.96
120	23	4.96
120	19	4.96
121	46	4.6
121	12	4.44
121	103	4.44
121	245	4.4
121	67	4.36
121	44	4.36
121	30	4.36
121	29	4.36
121	27	4.36
121	179	4.36
121	171	4.36
121	132	4.36
121	13	4.36
121	118	4.36
121	11	4.36
121	31	4.32
121	23	4.32
121	206	4.32
121	19	4.32
121	186	4.32
122	46	4.64
122	12	4.44
122	31	4.4
122	23	4.4
122	206	4.4
122	18	4.4
122	132	4.4
122	103	4.4
122	67	4.36
122	44	4.36
122	29	4.36
122	27	4.36
122	245	4.36
122	19	4.36
122	186	4.36
122	131	4.36
122	13	4.36
122	118	4.36
122	11	4.36
122	30	4.32
125	245	5
125	12	5
125	46	4.96
125	206	4.96
125	89	4.92
125	67	4.92
125	43	4.92
125	31	4.92
125	30	4.92
125	29	4.92
125	27	4.92
125	26	4.92
125	23	4.92
125	220	4.92
125	186	4.92
125	18	4.92
125	144	4.92
125	132	4.92
125	13	4.92
125	103	4.92
126	46	4.64
126	245	4.48
126	131	4.48
126	30	4.44
126	12	4.44
126	103	4.44
126	44	4.4
126	31	4.4
126	27	4.4
126	23	4.4
126	206	4.4
126	195	4.4
126	19	4.4
126	186	4.4
126	18	4.4
126	171	4.4
126	144	4.4
126	132	4.4
126	13	4.4
126	118	4.4
127	89	5
127	8	5
127	65	5
127	5	5
127	33	5
127	31	5
127	30	5
127	26	5
127	245	5
127	24	5
127	23	5
127	206	5
127	19	5
127	180	5
127	17	5
127	16	5
127	15	5
127	144	5
127	136	5
127	132	5
128	46	4.8
128	31	4.52
128	29	4.52
128	27	4.52
128	245	4.52
128	206	4.52
128	12	4.52
128	118	4.52
128	67	4.48
128	44	4.48
128	30	4.48
128	23	4.48
128	19	4.48
128	186	4.48
128	18	4.48
128	131	4.48
128	13	4.48
128	11	4.48
128	103	4.48
128	179	4.44
129	46	5
129	245	5
129	12	5
129	31	4.96
129	29	4.96
129	27	4.96
129	131	4.96
129	13	4.96
129	44	4.92
129	30	4.92
129	23	4.92
129	206	4.92
129	19	4.92
129	186	4.92
129	18	4.92
129	132	4.92
129	118	4.92
129	11	4.92
129	103	4.92
129	67	4.88
130	46	4.2
130	103	3.92
130	245	3.88
130	206	3.84
130	132	3.76
130	131	3.76
130	12	3.76
130	31	3.72
130	30	3.72
130	23	3.72
130	13	3.72
130	67	3.68
130	44	3.68
130	29	3.68
130	27	3.68
130	186	3.68
130	18	3.68
130	179	3.68
130	11	3.68
130	19	3.64
131	46	4.36
131	245	3.96
131	103	3.96
131	13	3.84
131	12	3.84
131	118	3.84
131	44	3.8
131	31	3.8
131	30	3.8
131	29	3.8
131	27	3.8
131	132	3.8
131	67	3.76
131	23	3.76
131	19	3.76
131	186	3.76
131	18	3.76
131	131	3.76
131	11	3.76
131	206	3.72
132	46	4.28
132	29	3.88
132	27	3.88
132	245	3.88
132	131	3.88
132	12	3.88
132	103	3.88
132	30	3.84
132	206	3.84
132	186	3.84
132	13	3.84
132	11	3.84
132	67	3.8
132	44	3.8
132	31	3.8
132	23	3.8
132	212	3.8
132	19	3.8
132	18	3.8
132	118	3.8
133	46	4.48
133	245	3.84
133	67	3.8
133	44	3.8
133	29	3.8
133	27	3.8
133	23	3.8
133	206	3.8
133	19	3.8
133	18	3.8
133	132	3.8
133	131	3.8
133	13	3.8
133	12	3.8
133	11	3.8
133	31	3.76
133	30	3.76
133	186	3.76
133	118	3.76
133	103	3.76
134	46	4
134	12	3.6
134	30	3.56
134	245	3.56
134	132	3.56
134	13	3.56
134	11	3.56
134	103	3.56
134	31	3.52
134	29	3.52
134	27	3.52
134	206	3.52
134	186	3.52
134	18	3.52
134	131	3.52
134	67	3.48
134	44	3.48
134	19	3.48
134	179	3.48
134	171	3.48
135	46	4.16
135	245	3.84
135	103	3.84
135	31	3.8
135	29	3.8
135	27	3.8
135	18	3.8
135	171	3.8
135	131	3.8
135	12	3.8
135	11	3.8
135	67	3.76
135	44	3.76
135	30	3.76
135	23	3.76
135	206	3.76
135	19	3.76
135	186	3.76
135	132	3.76
135	118	3.76
137	46	5
137	44	5
137	31	5
137	245	5
137	12	5
137	118	5
137	67	4.96
137	30	4.96
137	29	4.96
137	23	4.96
137	195	4.96
137	186	4.96
137	18	4.96
137	131	4.96
137	13	4.96
137	11	4.96
137	103	4.96
137	27	4.92
137	206	4.92
137	19	4.92
138	46	4.2
138	103	4.08
138	245	4
138	12	3.92
138	31	3.88
138	23	3.88
138	18	3.88
138	131	3.88
138	13	3.88
138	11	3.88
138	67	3.84
138	44	3.84
138	30	3.84
138	27	3.84
138	19	3.84
138	179	3.84
138	171	3.84
138	132	3.84
138	29	3.8
138	206	3.8
139	46	4.68
139	12	4.48
139	103	4.48
139	245	4.44
139	67	4.4
139	44	4.4
139	31	4.4
139	29	4.4
139	27	4.4
139	23	4.4
139	19	4.4
139	186	4.4
139	18	4.4
139	13	4.4
139	118	4.4
139	30	4.36
139	179	4.36
139	171	4.36
139	132	4.36
139	131	4.36
140	46	4.64
140	245	4.4
140	103	4.36
140	30	4.32
140	29	4.32
140	27	4.32
140	131	4.32
140	13	4.32
140	67	4.28
140	31	4.28
140	23	4.28
140	206	4.28
140	19	4.28
140	186	4.28
140	132	4.28
140	12	4.28
140	118	4.28
140	11	4.28
140	44	4.24
140	18	4.24
141	46	4.04
141	245	3.64
141	103	3.6
141	12	3.56
141	206	3.52
141	31	3.48
141	29	3.48
141	27	3.48
141	23	3.48
141	186	3.48
141	67	3.44
141	18	3.44
141	44	3.4
141	30	3.4
141	19	3.4
141	11	3.4
141	179	3.36
141	132	3.36
141	131	3.36
141	13	3.36
142	46	4.64
142	103	4.52
142	13	4.48
142	12	4.48
142	31	4.44
142	245	4.44
142	23	4.44
142	206	4.44
142	19	4.44
142	18	4.44
142	131	4.44
142	11	4.44
142	67	4.4
142	44	4.4
142	30	4.4
142	29	4.4
142	27	4.4
142	186	4.4
142	171	4.4
142	118	4.4
143	46	4.56
143	12	4.36
143	44	4.32
143	31	4.32
143	27	4.32
143	245	4.32
143	23	4.32
143	19	4.32
143	186	4.32
143	18	4.32
143	132	4.32
143	13	4.32
143	118	4.32
143	11	4.32
143	67	4.28
143	30	4.28
143	29	4.28
143	206	4.28
143	179	4.28
143	103	4.28
144	46	4.52
144	12	4.36
144	29	4.32
144	27	4.32
144	245	4.32
144	67	4.28
144	44	4.28
144	31	4.28
144	30	4.28
144	23	4.28
144	186	4.28
144	13	4.28
144	118	4.28
144	11	4.28
144	103	4.28
144	206	4.24
144	19	4.24
144	18	4.24
144	179	4.24
144	171	4.24
145	54	5
145	5	5
145	180	5
145	15	5
145	132	5
145	12	5
145	11	5
145	9	4.96
145	89	4.96
145	67	4.96
145	46	4.96
145	44	4.96
145	33	4.96
145	31	4.96
145	30	4.96
145	3	4.96
145	29	4.96
145	27	4.96
145	26	4.96
145	245	4.96
146	46	4.72
146	132	4.52
146	12	4.52
146	103	4.52
146	67	4.48
146	31	4.48
146	30	4.48
146	29	4.48
146	27	4.48
146	245	4.48
146	206	4.48
146	13	4.48
146	11	4.48
146	44	4.44
146	23	4.44
146	19	4.44
146	186	4.44
146	171	4.44
146	131	4.44
146	118	4.44
147	46	4.48
147	245	4.32
147	206	4.32
147	12	4.32
147	67	4.28
147	44	4.28
147	29	4.28
147	27	4.28
147	132	4.28
147	13	4.28
147	118	4.28
147	11	4.28
147	103	4.28
147	31	4.24
147	30	4.24
147	23	4.24
147	19	4.24
147	186	4.24
147	18	4.24
147	179	4.24
148	46	4.48
148	245	4.12
148	12	4.12
148	67	4.08
148	44	4.08
148	30	4.08
148	29	4.08
148	27	4.08
148	206	4.08
148	13	4.08
148	11	4.08
148	31	4.04
148	23	4.04
148	19	4.04
148	186	4.04
148	18	4.04
148	132	4.04
148	118	4.04
148	103	4.04
148	179	4
149	46	4.64
149	245	4.2
149	103	4.2
149	31	4.16
149	206	4.16
149	18	4.16
149	132	4.16
149	13	4.16
149	12	4.16
149	11	4.16
149	67	4.12
149	44	4.12
149	30	4.12
149	29	4.12
149	27	4.12
149	23	4.12
149	19	4.12
149	186	4.12
149	179	4.12
149	171	4.12
150	46	4.36
150	103	3.96
150	245	3.92
150	206	3.92
150	13	3.92
150	12	3.92
150	30	3.88
150	171	3.88
150	132	3.88
150	131	3.88
150	11	3.88
150	67	3.84
150	44	3.84
150	31	3.84
150	29	3.84
150	27	3.84
150	18	3.84
150	23	3.8
150	19	3.8
150	186	3.8
151	46	4.24
151	245	3.88
151	103	3.88
151	206	3.84
151	12	3.84
151	44	3.8
151	31	3.8
151	23	3.8
151	18	3.8
151	132	3.8
151	131	3.8
151	13	3.8
151	11	3.8
151	67	3.76
151	29	3.76
151	27	3.76
151	19	3.76
151	186	3.76
151	118	3.76
151	30	3.72
152	13	5
152	12	5
152	46	4.96
152	31	4.96
152	245	4.96
152	23	4.96
152	206	4.96
152	186	4.96
152	18	4.96
152	132	4.96
152	131	4.96
152	118	4.96
152	89	4.92
152	67	4.92
152	44	4.92
152	30	4.92
152	29	4.92
152	195	4.92
152	11	4.92
152	27	4.88
153	46	5
153	29	5
153	245	5
153	144	5
153	13	5
153	12	5
153	9	4.96
153	89	4.96
153	44	4.96
153	43	4.96
153	35	4.96
153	33	4.96
153	31	4.96
153	30	4.96
153	28	4.96
153	27	4.96
153	23	4.96
153	220	4.96
153	206	4.96
153	19	4.96
154	46	4.96
154	103	4.52
154	245	4.36
154	132	3.28
154	206	3
154	29	2.88
154	27	2.88
154	18	2.88
154	12	2.88
154	67	2.84
154	30	2.84
154	11	2.84
154	44	2.8
154	31	2.8
154	23	2.8
154	19	2.8
154	179	2.8
154	13	2.8
154	118	2.8
154	171	2.76
155	46	4.16
155	103	4
155	245	3.88
155	206	3.84
155	12	3.8
155	131	3.76
155	31	3.72
155	186	3.72
155	132	3.72
155	13	3.72
155	118	3.72
155	67	3.68
155	44	3.68
155	30	3.68
155	29	3.68
155	27	3.68
155	23	3.68
155	19	3.68
155	18	3.68
155	171	3.68
156	46	4.4
156	132	3.84
156	12	3.84
156	67	3.8
156	44	3.8
156	30	3.8
156	29	3.8
156	27	3.8
156	179	3.8
156	118	3.8
156	11	3.8
156	103	3.8
156	31	3.76
156	245	3.76
156	23	3.76
156	19	3.76
156	186	3.76
156	18	3.76
156	13	3.76
156	206	3.72
157	46	4.76
157	206	4.68
157	103	4.64
157	13	4.6
157	44	4.56
157	245	4.56
157	132	4.56
157	131	4.56
157	12	4.56
157	67	4.52
157	31	4.52
157	29	4.52
157	27	4.52
157	23	4.52
157	19	4.52
157	18	4.52
157	11	4.52
157	30	4.48
157	186	4.48
157	171	4.48
158	46	4.52
158	245	4.24
158	206	4.24
158	12	4.24
158	103	4.24
158	30	4.2
158	186	4.2
158	13	4.2
158	44	4.16
158	31	4.16
158	27	4.16
158	23	4.16
158	19	4.16
158	18	4.16
158	179	4.16
158	171	4.16
158	132	4.16
158	131	4.16
158	118	4.16
158	11	4.16
159	89	5
159	44	5
159	31	5
159	245	5
159	195	5
159	131	5
159	13	5
159	12	5
159	11	5
159	67	4.96
159	46	4.96
159	33	4.96
159	29	4.96
159	27	4.96
159	23	4.96
159	220	4.96
159	206	4.96
159	18	4.96
159	15	4.96
159	132	4.96
161	12	4.96
161	103	4.96
161	46	4.92
161	29	4.92
161	27	4.92
161	245	4.92
161	131	4.92
161	13	4.92
161	30	4.88
161	186	4.88
161	67	4.84
161	44	4.84
161	31	4.84
161	206	4.84
161	19	4.84
161	18	4.84
161	179	4.84
161	118	4.84
161	11	4.84
161	23	4.8
162	46	4.52
162	103	4.04
162	30	4
162	245	4
162	206	4
162	132	4
162	13	4
162	12	4
162	67	3.96
162	44	3.96
162	31	3.96
162	29	3.96
162	27	3.96
162	118	3.96
162	11	3.96
162	23	3.92
162	19	3.92
162	186	3.92
162	18	3.92
162	179	3.92
163	67	5
163	46	5
163	44	5
163	30	5
163	29	5
163	27	5
163	245	5
163	206	5
163	195	5
163	171	5
163	131	5
163	13	5
163	12	5
163	11	5
163	103	5
163	31	4.96
163	23	4.96
163	19	4.96
163	186	4.96
163	18	4.96
164	89	5
164	54	5
164	45	5
164	26	5
164	24	5
164	220	5
164	206	5
164	195	5
164	180	5
164	15	5
164	134	5
164	132	5
164	131	5
164	12	5
164	11	5
164	1	5
164	97	4.96
164	9	4.96
164	72	4.96
164	67	4.96
165	46	4.68
165	103	4.44
165	31	4.36
165	245	4.36
165	206	4.36
165	12	4.36
165	11	4.36
165	44	4.32
165	29	4.32
165	23	4.32
165	18	4.32
165	179	4.32
165	171	4.32
165	132	4.32
165	131	4.32
165	13	4.32
165	118	4.32
165	67	4.28
165	30	4.28
165	27	4.28
166	46	4.16
166	245	3.92
166	103	3.92
166	44	3.88
166	23	3.88
166	13	3.88
166	12	3.88
166	11	3.88
166	30	3.84
166	29	3.84
166	206	3.84
166	19	3.84
166	18	3.84
166	179	3.84
166	132	3.84
166	118	3.84
166	67	3.8
166	31	3.8
166	27	3.8
166	186	3.8
167	46	4.52
167	12	4.32
167	103	4.32
167	67	4.28
167	44	4.28
167	31	4.28
167	30	4.28
167	29	4.28
167	27	4.28
167	245	4.28
167	23	4.28
167	206	4.28
167	19	4.28
167	186	4.28
167	18	4.28
167	132	4.28
167	13	4.28
167	118	4.28
167	11	4.28
167	179	4.24
168	46	4.32
168	12	4.16
168	245	4.12
168	13	4.12
168	11	4.12
168	67	4.08
168	44	4.08
168	31	4.08
168	30	4.08
168	29	4.08
168	27	4.08
168	206	4.08
168	23	4.04
168	19	4.04
168	18	4.04
168	132	4.04
168	118	4.04
168	103	4.04
168	186	4
168	179	4
169	46	4.24
169	103	4.08
169	245	3.88
169	13	3.88
169	12	3.88
169	44	3.84
169	31	3.84
169	30	3.84
169	27	3.84
169	23	3.84
169	206	3.84
169	19	3.84
169	186	3.84
169	18	3.84
169	179	3.84
169	132	3.84
169	131	3.84
169	118	3.84
169	11	3.84
169	67	3.8
170	46	4.52
170	12	4.44
170	31	4.4
170	245	4.4
170	206	4.4
170	67	4.36
170	29	4.36
170	27	4.36
170	23	4.36
170	18	4.36
170	11	4.36
170	44	4.32
170	30	4.32
170	19	4.32
170	186	4.32
170	179	4.32
170	131	4.32
170	13	4.32
170	118	4.32
170	103	4.32
171	46	4.72
171	245	4.48
171	103	4.48
171	31	4.4
171	30	4.4
171	132	4.4
171	13	4.4
171	12	4.4
171	29	4.36
171	27	4.36
171	171	4.36
171	118	4.36
171	67	4.32
171	44	4.32
171	206	4.32
171	186	4.32
171	179	4.32
171	131	4.32
171	11	4.32
171	23	4.28
172	46	4.52
172	103	4.24
172	245	4.16
172	12	4.12
172	206	4.08
172	171	4.08
172	67	4.04
172	44	4.04
172	31	4.04
172	30	4.04
172	29	4.04
172	27	4.04
172	23	4.04
172	19	4.04
172	186	4.04
172	18	4.04
172	179	4.04
172	131	4.04
172	13	4.04
172	118	4.04
173	245	5
173	46	4.96
173	44	4.96
173	131	4.96
173	13	4.96
173	12	4.96
173	11	4.96
173	67	4.92
173	31	4.92
173	29	4.92
173	27	4.92
173	206	4.92
173	18	4.92
173	30	4.88
173	23	4.88
173	19	4.88
173	186	4.88
173	132	4.88
173	118	4.88
173	103	4.84
174	46	4.4
174	245	3.96
174	103	3.88
174	206	3.84
174	12	3.84
174	67	3.8
174	31	3.8
174	29	3.8
174	27	3.8
174	11	3.8
174	44	3.76
174	30	3.76
174	23	3.76
174	186	3.76
174	18	3.76
174	131	3.76
174	13	3.76
174	118	3.76
174	179	3.72
174	132	3.72
175	12	5
175	9	4.96
175	89	4.96
175	8	4.96
175	75	4.96
175	72	4.96
175	67	4.96
175	65	4.96
175	58	4.96
175	55	4.96
175	54	4.96
175	5	4.96
175	48	4.96
175	46	4.96
175	45	4.96
175	44	4.96
175	43	4.96
175	41	4.96
175	39	4.96
175	37	4.96
176	89	5
176	46	5
176	44	5
176	30	5
176	27	5
176	245	5
176	206	5
176	195	5
176	180	5
176	132	5
176	131	5
176	13	5
176	12	5
176	11	5
176	67	4.96
176	31	4.96
176	29	4.96
176	23	4.96
176	215	4.96
176	19	4.96
177	46	4.08
177	245	3.92
177	12	3.92
177	103	3.92
177	31	3.88
177	206	3.88
177	18	3.88
177	132	3.88
177	13	3.88
177	11	3.88
177	67	3.84
177	44	3.84
177	30	3.84
177	29	3.84
177	27	3.84
177	23	3.84
177	19	3.84
177	186	3.84
177	131	3.84
177	118	3.84
178	46	4.6
178	13	4.48
178	12	4.48
178	31	4.44
178	30	4.44
178	245	4.44
178	206	4.44
178	131	4.44
178	11	4.44
178	44	4.4
178	29	4.4
178	27	4.4
178	23	4.4
178	186	4.4
178	18	4.4
178	132	4.4
178	118	4.4
178	103	4.4
178	67	4.36
178	19	4.36
179	46	4.28
179	103	3.96
179	245	3.92
179	67	3.8
179	29	3.8
179	23	3.8
179	131	3.8
179	12	3.8
179	30	3.76
179	27	3.76
179	186	3.76
179	118	3.76
179	44	3.72
179	31	3.72
179	206	3.72
179	19	3.72
179	18	3.72
179	132	3.72
179	13	3.72
179	11	3.72
180	46	4.16
180	245	3.76
180	31	3.68
180	206	3.68
180	18	3.68
180	132	3.68
180	12	3.68
180	103	3.68
180	67	3.64
180	29	3.64
180	23	3.64
180	19	3.64
180	186	3.64
180	131	3.64
180	13	3.64
180	118	3.64
180	11	3.64
180	44	3.6
180	30	3.6
180	27	3.6
182	65	5
182	33	5
182	245	5
182	12	5
182	110	5
182	89	4.96
182	37	4.96
182	31	4.96
182	30	4.96
182	24	4.96
182	234	4.96
182	23	4.96
182	220	4.96
182	212	4.96
182	206	4.96
182	20	4.96
182	19	4.96
182	17	4.96
182	15	4.96
182	144	4.96
183	46	3.88
183	245	3.6
183	103	3.6
183	30	3.52
183	29	3.52
183	171	3.52
183	132	3.52
183	12	3.52
183	67	3.48
183	44	3.48
183	31	3.48
183	27	3.48
183	23	3.48
183	206	3.48
183	19	3.48
183	186	3.48
183	18	3.48
183	179	3.48
183	13	3.48
183	118	3.48
184	46	4.32
184	103	4.04
184	206	4
184	12	4
184	31	3.96
184	245	3.96
184	18	3.96
184	13	3.96
184	11	3.96
184	67	3.92
184	44	3.92
184	30	3.92
184	29	3.92
184	27	3.92
184	23	3.92
184	19	3.92
184	186	3.92
184	179	3.92
184	171	3.92
184	132	3.92
185	46	4.88
185	103	4.4
185	245	3.96
185	12	3.36
185	29	3.24
185	13	3.24
185	44	3.2
185	18	3.2
185	131	3.2
185	118	3.2
185	30	3.16
185	27	3.16
185	11	3.16
185	67	3.12
185	31	3.12
185	23	3.12
185	19	3.12
185	171	3.08
185	186	3.04
185	179	3
186	46	4.28
186	103	3.96
186	245	3.84
186	206	3.76
186	131	3.76
186	132	3.72
186	12	3.72
186	13	3.68
186	31	3.64
186	30	3.64
186	29	3.64
186	27	3.64
186	186	3.64
186	18	3.64
186	11	3.64
186	67	3.6
186	23	3.6
186	19	3.6
186	118	3.6
186	44	3.56
187	46	4.36
187	245	4.12
187	103	4.12
187	30	3.96
187	29	3.96
187	171	3.96
187	131	3.96
187	12	3.96
187	67	3.92
187	44	3.92
187	31	3.92
187	27	3.92
187	23	3.92
187	186	3.92
187	18	3.92
187	179	3.92
187	13	3.92
187	118	3.92
187	11	3.92
187	19	3.88
188	46	4.56
188	245	4.32
188	206	4.32
188	12	4.32
188	103	4.28
188	44	4.24
188	31	4.24
188	30	4.24
188	29	4.24
188	27	4.24
188	23	4.24
188	19	4.24
188	186	4.24
188	18	4.24
188	179	4.24
188	132	4.24
188	13	4.24
188	118	4.24
188	11	4.24
188	67	4.2
190	46	4.28
190	245	3.8
190	103	3.8
190	13	3.64
190	171	3.6
190	44	3.56
190	29	3.56
190	23	3.56
190	206	3.56
190	132	3.56
190	131	3.56
190	12	3.56
190	31	3.52
190	30	3.52
190	27	3.52
190	19	3.52
190	18	3.52
190	11	3.52
190	67	3.48
190	186	3.48
191	46	4.56
191	103	4.36
191	245	4.28
191	206	4.24
191	12	4.24
191	67	4.2
191	44	4.2
191	30	4.2
191	29	4.2
191	27	4.2
191	171	4.2
191	132	4.2
191	13	4.2
191	11	4.2
191	31	4.16
191	23	4.16
191	19	4.16
191	186	4.16
191	18	4.16
191	131	4.16
194	12	5
194	245	4.96
194	46	4.92
194	29	4.92
194	206	4.92
194	13	4.92
194	11	4.92
194	44	4.88
194	31	4.88
194	30	4.88
194	27	4.88
194	23	4.88
194	19	4.88
194	186	4.88
194	18	4.88
194	131	4.88
194	118	4.88
194	103	4.88
194	67	4.84
194	171	4.84
195	97	5
195	94	5
195	89	5
195	8	5
195	65	5
195	54	5
195	5	5
195	45	5
195	44	5
195	41	5
195	35	5
195	34	5
195	33	5
195	31	5
195	26	5
195	245	5
195	243	5
195	24	5
195	234	5
195	220	5
196	12	5
196	46	4.96
196	31	4.96
196	29	4.96
196	27	4.96
196	245	4.96
196	131	4.96
196	11	4.96
196	103	4.96
196	67	4.92
196	30	4.92
196	186	4.92
196	132	4.92
196	13	4.92
196	44	4.88
196	23	4.88
196	206	4.88
196	19	4.88
196	18	4.88
196	118	4.88
197	46	4.44
197	103	4.16
197	245	4.08
197	29	3.92
197	12	3.92
197	30	3.88
197	27	3.88
197	171	3.88
197	13	3.88
197	44	3.84
197	31	3.84
197	23	3.84
197	206	3.84
197	19	3.84
197	186	3.84
197	18	3.84
197	179	3.84
197	132	3.84
197	131	3.84
197	118	3.84
200	46	4.64
200	245	4.44
200	103	4.44
200	206	4.4
200	67	4.36
200	44	4.36
200	30	4.36
200	29	4.36
200	27	4.36
200	13	4.36
200	12	4.36
200	11	4.36
200	31	4.32
200	23	4.32
200	19	4.32
200	186	4.32
200	18	4.32
200	132	4.32
200	118	4.32
200	131	4.28
201	46	4.16
201	245	3.96
201	206	3.96
201	103	3.88
201	12	3.84
201	30	3.8
201	13	3.8
201	44	3.76
201	31	3.76
201	29	3.76
201	27	3.76
201	23	3.76
201	19	3.76
201	186	3.76
201	18	3.76
201	11	3.76
201	179	3.72
201	132	3.72
201	131	3.72
201	118	3.72
202	89	5
202	65	5
202	54	5
202	5	5
202	46	5
202	45	5
202	44	5
202	35	5
202	33	5
202	30	5
202	26	5
202	245	5
202	24	5
202	234	5
202	215	5
202	206	5
202	2	5
202	195	5
202	180	5
202	17	5
203	46	4.44
203	245	4.24
203	23	4.2
203	13	4.2
203	12	4.2
203	103	4.2
203	67	4.16
203	44	4.16
203	31	4.16
203	30	4.16
203	29	4.16
203	27	4.16
203	206	4.16
203	19	4.16
203	132	4.16
203	131	4.16
203	118	4.16
203	212	4.12
203	186	4.12
203	18	4.12
204	12	5
204	245	4.96
204	46	4.92
204	29	4.92
204	26	4.92
204	206	4.92
204	186	4.92
204	131	4.92
204	13	4.92
204	89	4.88
204	44	4.88
204	30	4.88
204	27	4.88
204	23	4.88
204	19	4.88
204	180	4.88
204	18	4.88
204	169	4.88
204	16	4.88
204	144	4.88
205	46	4.32
205	245	3.84
205	12	3.8
205	206	3.76
205	132	3.76
205	30	3.72
205	29	3.72
205	18	3.72
205	103	3.72
205	67	3.68
205	31	3.68
205	27	3.68
205	23	3.68
205	186	3.68
205	179	3.68
205	131	3.68
205	13	3.68
205	11	3.68
205	44	3.64
205	19	3.64
206	46	4.16
206	245	3.76
206	103	3.76
206	206	3.64
206	132	3.64
206	131	3.64
206	12	3.64
206	31	3.6
206	29	3.6
206	27	3.6
206	23	3.6
206	13	3.6
206	67	3.56
206	44	3.56
206	30	3.56
206	19	3.56
206	186	3.56
206	171	3.56
206	11	3.56
206	18	3.52
207	46	4.68
207	12	4.36
207	103	4.36
207	30	4.32
207	29	4.32
207	27	4.32
207	245	4.32
207	13	4.32
207	11	4.32
207	67	4.28
207	44	4.28
207	31	4.28
207	23	4.28
207	19	4.28
207	186	4.28
207	18	4.28
207	171	4.28
207	132	4.28
207	131	4.28
207	118	4.28
208	9	5
208	89	5
208	65	5
208	33	5
208	28	5
208	245	5
208	234	5
208	134	5
208	131	5
208	12	5
208	110	5
208	8	4.96
208	58	4.96
208	54	4.96
208	5	4.96
208	48	4.96
208	46	4.96
208	45	4.96
208	44	4.96
208	43	4.96
210	29	5
210	27	5
210	245	5
210	136	5
210	131	5
210	12	5
210	103	5
210	89	4.96
210	72	4.96
210	65	4.96
210	46	4.96
210	33	4.96
210	30	4.96
210	26	4.96
210	242	4.96
210	234	4.96
210	22	4.96
210	212	4.96
210	206	4.96
210	186	4.96
211	46	4.44
211	245	3.84
211	103	3.8
211	67	3.76
211	44	3.76
211	31	3.76
211	29	3.76
211	27	3.76
211	132	3.76
211	13	3.76
211	12	3.76
211	118	3.76
211	30	3.72
211	23	3.72
211	206	3.72
211	19	3.72
211	186	3.72
211	18	3.72
211	131	3.72
211	11	3.72
212	46	4.4
212	103	4
212	245	3.92
212	206	3.92
212	18	3.92
212	13	3.92
212	12	3.92
212	11	3.92
212	67	3.88
212	44	3.88
212	31	3.88
212	30	3.88
212	29	3.88
212	27	3.88
212	23	3.88
212	19	3.88
212	171	3.88
212	132	3.88
212	186	3.84
212	118	3.84
213	46	4.64
213	245	4.48
213	103	4.48
213	44	4.44
213	30	4.44
213	131	4.44
213	13	4.44
213	12	4.44
213	11	4.44
213	67	4.4
213	31	4.4
213	29	4.4
213	27	4.4
213	23	4.4
213	206	4.4
213	19	4.4
213	18	4.4
213	132	4.4
213	118	4.4
213	186	4.36
214	12	5
214	9	4.96
214	89	4.96
214	67	4.96
214	65	4.96
214	54	4.96
214	5	4.96
214	48	4.96
214	46	4.96
214	44	4.96
214	33	4.96
214	30	4.96
214	3	4.96
214	29	4.96
214	28	4.96
214	27	4.96
214	26	4.96
214	25	4.96
214	245	4.96
214	242	4.96
215	46	4.6
215	12	4.36
215	31	4.32
215	206	4.32
215	18	4.32
215	11	4.32
215	67	4.28
215	44	4.28
215	29	4.28
215	27	4.28
215	245	4.28
215	23	4.28
215	19	4.28
215	186	4.28
215	132	4.28
215	131	4.28
215	13	4.28
215	118	4.28
215	103	4.28
215	179	4.24
216	46	4.2
216	103	3.92
216	245	3.88
216	12	3.8
216	118	3.8
216	67	3.76
216	31	3.76
216	29	3.76
216	27	3.76
216	186	3.76
216	132	3.76
216	131	3.76
216	13	3.76
216	44	3.72
216	30	3.72
216	23	3.72
216	206	3.72
216	19	3.72
216	18	3.72
216	11	3.72
217	12	5
217	31	4.96
217	206	4.96
217	67	4.92
217	46	4.92
217	29	4.92
217	27	4.92
217	245	4.92
217	23	4.92
217	19	4.92
217	186	4.92
217	18	4.92
217	132	4.92
217	131	4.92
217	13	4.92
217	118	4.92
217	11	4.92
217	44	4.88
217	30	4.88
217	103	4.88
218	89	5
218	245	5
218	17	5
218	144	5
218	131	5
218	13	5
218	12	5
218	110	5
218	46	4.96
218	45	4.96
218	44	4.96
218	33	4.96
218	31	4.96
218	30	4.96
218	29	4.96
218	27	4.96
218	23	4.96
218	220	4.96
218	215	4.96
218	212	4.96
220	12	5
220	97	4.96
220	9	4.96
220	89	4.96
220	72	4.96
220	65	4.96
220	48	4.96
220	46	4.96
220	45	4.96
220	41	4.96
220	39	4.96
220	35	4.96
220	33	4.96
220	30	4.96
220	29	4.96
220	28	4.96
220	25	4.96
220	245	4.96
220	242	4.96
220	234	4.96
221	46	4.16
221	206	4
221	245	3.96
221	132	3.96
221	13	3.96
221	12	3.96
221	103	3.96
221	67	3.92
221	44	3.92
221	31	3.92
221	29	3.92
221	27	3.92
221	11	3.92
221	30	3.88
221	23	3.88
221	19	3.88
221	186	3.88
221	18	3.88
221	179	3.84
221	171	3.84
222	46	4.56
222	12	4.16
222	245	4.12
222	31	4.08
222	30	4.08
222	23	4.08
222	186	4.08
222	132	4.08
222	131	4.08
222	13	4.08
222	118	4.08
222	11	4.08
222	103	4.08
222	67	4.04
222	44	4.04
222	29	4.04
222	27	4.04
222	206	4.04
222	19	4.04
222	18	4.04
223	245	5
223	12	5
223	89	4.96
223	206	4.96
223	13	4.96
223	46	4.92
223	44	4.92
223	31	4.92
223	30	4.92
223	26	4.92
223	23	4.92
223	19	4.92
223	186	4.92
223	180	4.92
223	18	4.92
223	144	4.92
223	134	4.92
223	131	4.92
223	11	4.92
223	103	4.92
224	46	3.92
224	12	3.6
224	245	3.56
224	103	3.56
224	67	3.52
224	31	3.52
224	30	3.52
224	29	3.52
224	27	3.52
224	23	3.52
224	186	3.52
224	44	3.48
224	19	3.48
224	18	3.48
224	179	3.48
224	132	3.48
224	131	3.48
224	13	3.48
224	118	3.48
224	11	3.48
225	46	4.4
225	245	4.24
225	12	4.24
225	103	4.24
225	30	4.2
225	29	4.2
225	27	4.2
225	206	4.2
225	171	4.2
225	67	4.16
225	44	4.16
225	186	4.16
225	132	4.16
225	13	4.16
225	11	4.16
225	31	4.12
225	23	4.12
225	19	4.12
225	18	4.12
225	179	4.12
226	46	4.84
226	103	4.64
226	245	2.8
226	206	2.16
226	132	2.16
226	12	1.76
226	171	1.72
226	44	1.68
226	30	1.68
226	29	1.68
226	31	1.64
226	23	1.64
226	19	1.64
226	131	1.64
226	13	1.64
226	11	1.64
226	67	1.6
226	27	1.6
226	186	1.6
226	18	1.6
227	46	4
227	245	3.48
227	27	3.44
227	171	3.44
227	103	3.44
227	23	3.4
227	18	3.4
227	132	3.4
227	131	3.4
227	11	3.4
227	44	3.36
227	31	3.36
227	30	3.36
227	29	3.36
227	12	3.36
227	67	3.32
227	19	3.32
227	186	3.32
227	13	3.32
227	118	3.32
228	46	4.68
228	245	4.48
228	103	4.48
228	12	4.36
228	13	4.32
228	44	4.28
228	31	4.28
228	30	4.28
228	206	4.28
228	186	4.28
228	171	4.28
228	132	4.28
228	23	4.24
228	19	4.24
228	18	4.24
228	11	4.24
228	67	4.2
228	29	4.2
228	27	4.2
228	179	4.2
229	46	4.64
229	245	4.4
229	12	4.4
229	30	4.32
229	29	4.32
229	27	4.32
229	186	4.32
229	13	4.32
229	11	4.32
229	103	4.32
229	67	4.28
229	44	4.28
229	31	4.28
229	23	4.28
229	206	4.28
229	179	4.28
229	131	4.28
229	118	4.28
229	19	4.24
229	18	4.24
230	46	4.36
230	245	4.16
230	103	4.16
230	44	4.12
230	31	4.08
230	30	4.08
230	27	4.08
230	23	4.08
230	206	4.08
230	19	4.08
230	18	4.08
230	179	4.08
230	171	4.08
230	132	4.08
230	131	4.08
230	13	4.08
230	12	4.08
230	118	4.08
230	11	4.08
230	67	4.04
