20140715000000
20140716000000
20141025045015
0
20140722000000
0
0
20140724000000
20140724000000
20140726000000
20141108121341
20140729000000
20141111105414
20140731000000
20140814000000
20141016000000
20141028010212
20141028010612
20141028041719
20141028040556
0
20141031012301
20141031110656
20141108125139
20141109165436
20141111170550
20141111183147
20141117152436
20141117200218
20141117234850
20141120124709
0
20141206104326
20141207130311
20141218102253
0
20150529002632
0
20141217153346
20141217161122
20141217163917
20141218173033
20141219133813
20141220005952
20141220110538
20141220111634
0
20141224115124
20141220125514
0
0
0
20141222122858
20141223085825
20141223112310
0
0
20141225121738
0
0
20141230134733
0
0
0
20150101150210
0
20150102065710
0
0
0
0
20150103122155
0
0
20150104143105
0
0
0
0
0
20150109143425
0
0
0
0
0
0
20150112234644
20150112234931
0
0
20150115123051
0
20150115192904
0
0
20150118123140
0
0
20150118020315
0
20150118234701
20150119004133
0
0
20150119163132
0
20150122143200
0
20150125191418
0
0
0
20150127071321
20150127122822
0
0
20150211152439
20150215165626
0
0
0
0
0
0
0
0
0
0
0
20150215222553
20150216060646
0
20150218120754
20150219110048
20150219114558
20150219190507
0
0
20150302075739
0
0
20150227003355
20150227115222
0
0
0
0
0
20150306030418
0
0
0
0
0
0
0
0
0
0
20150320155609
0
0
0
0
0
20150320071305
0
20150320221127
20150323144231
20150321160413
0
0
0
0
0
0
20150324124635
20150328134638
20150414080539
0
20150330121008
20150331064641
20150331111226
20150401041831
20150403161833
0
0
0
0
0
0
0
0
20150411165450
0
20150414213758
20150414220310
0
0
0
0
20150416194453
0
0
20150417165733
0
0
0
0
0
20150418160648
20150419130958
20150423072833
20150423212330
0
0
20150426220651
0
20150502071650
0
0
0
0
20150509193843
20150506170420
0
0
0
0
20150514203146
0
0
20150531234951
20150517182503
0
20150517153501
20150519095422
0
0
0
20150523114344
20150524130143
0
20150528142658
0
0
0
20150606153404
