25.03224700
25.00847100
25.03660400
0
25.00870800
0
0
24.98623300
24.98623300
25.08148790
25.03745300
0.00000000
25.03660400
121.54297360
25.00575250
25.04354660
25.04354660
25.04354660
25.04354660
25.04354660
0
25.03847800
25.01592400
25.00735000
25.03357000
25.03660400
25.04616700
25.03660400
25.03584630
25.03699780
22.62498100
0
23.96968190
38.79459520
24.99587140
0
25.03296940
0
25.03660400
25.01988600
25.03296940
25.03296940
25.03464250
25.03586330
25.03571660
25.03296940
0
25.03296940
25.03296940
0
0
0
23.70571100
38.79459520
25.03611270
0
0
25.03296940
0
0
25.03660400
0
0
0
25.03794400
0
24.18581880
0
0
0
0
24.28157900
0
0
25.28426710
0
0
0
0
0
25.03660400
0
0
0
0
0
0
25.03296940
22.72195970
0
0
24.93582640
0
24.98790300
0
0
24.95372330
0
0
24.99061890
0
24.95372330
38.79459520
0
0
25.03660400
0
25.04303590
0
24.94250720
0
0
0
24.95780070
22.30804700
0
0
24.82651770
25.07520570
0
0
0
0
0
0
0
0
0
0
0
38.79459520
38.79459520
0
22.90304050
25.14044800
22.67265050
25.03296940
0
0
25.07965140
0
0
25.03296940
23.60832300
0
0
0
0
0
25.03296940
0
0
0
0
0
0
0
0
0
0
38.79459520
0
0
0
0
0
24.83919000
0
23.98631300
22.68453930
38.79459520
0
0
0
0
0
0
25.02503210
37.56269390
25.07965140
0
23.96763510
23.47323000
25.00342400
22.72844520
22.04758000
0
0
0
0
0
0
0
0
22.99209390
0
24.15003500
25.03296940
0
0
0
0
25.03660400
0
0
25.03296940
0
0
0
0
0
38.79459520
24.66793800
25.02307110
24.82434700
0
0
24.17961300
0
23.86547270
0
0
0
0
24.96295100
24.14210800
0
0
0
0
25.03473100
0
0
38.79459520
26.68528410
0
25.04849500
24.97020220
0
0
0
38.79459520
25.04898000
0
23.24698050
0
0
0
42.81030400
