0	1
1	2
2	3
3	4
4	5
5	6
6	7
7	8
8	9
9	10
10	11
11	12
12	14
13	16
14	17
15	18
16	19
17	21
18	22
19	23
20	24
21	25
22	26
23	27
24	32
25	33
26	34
27	35
28	37
29	38
30	39
31	40
32	41
33	42
34	43
35	44
36	45
37	46
38	47
39	48
40	49
41	50
42	51
43	52
44	53
45	54
46	57
47	58
48	59
49	60
50	61
51	62
52	63
53	64
54	65
55	66
56	67
57	69
58	70
59	71
60	72
61	73
62	74
63	77
64	78
65	79
66	80
67	81
68	82
69	83
70	84
71	85
72	86
73	87
74	88
75	89
76	90
77	91
78	92
79	93
80	94
81	95
82	96
83	97
84	98
85	99
86	100
87	101
88	102
89	103
90	105
91	107
92	108
93	114
94	115
95	116
96	117
97	118
98	119
99	120
100	121
101	122
102	125
103	126
104	127
105	128
106	129
107	130
108	131
109	132
110	133
111	134
112	135
113	137
114	138
115	139
116	140
117	141
118	142
119	143
120	144
121	145
122	146
123	147
124	148
125	149
126	150
127	151
128	152
129	153
130	154
131	155
132	156
133	157
134	158
135	159
136	161
137	162
138	163
139	164
140	165
141	166
142	167
143	168
144	169
145	170
146	171
147	172
148	173
149	174
150	175
151	176
152	177
153	178
154	179
155	180
156	182
157	183
158	184
159	185
160	186
161	187
162	188
163	190
164	191
165	194
166	195
167	196
168	197
169	200
170	201
171	202
172	203
173	204
174	205
175	206
176	207
177	208
178	210
179	211
180	212
181	213
182	214
183	215
184	216
185	217
186	218
187	220
188	221
189	222
190	223
191	224
192	225
193	226
194	227
195	228
196	229
197	230
198	231
