1	1
2	2
3	48
4	NULL
5	6
6	NULL
7	NULL
8	10
9	11
10	16
11	109
12	24
13	146
14	28
15	31
16	34
17	61
18	63
19	64
20	69
21	NULL
22	81
23	86
24	114
25	136
26	148
27	149
28	174
29	239
30	250
31	261
32	NULL
33	306
34	314
35	340
36	NULL
37	642
38	NULL
39	335
40	337
41	338
42	346
43	348
44	355
45	366
46	367
47	NULL
48	418
49	380
50	NULL
51	NULL
52	NULL
53	390
54	398
55	408
56	NULL
57	NULL
58	419
59	NULL
60	NULL
61	434
62	NULL
63	NULL
64	NULL
65	437
66	NULL
67	440
68	NULL
69	NULL
70	NULL
71	NULL
72	451
73	NULL
74	NULL
75	452
76	NULL
77	NULL
78	NULL
79	NULL
80	NULL
81	457
82	NULL
83	NULL
84	NULL
85	NULL
86	NULL
87	NULL
88	460
89	462
90	NULL
91	NULL
92	464
93	NULL
94	465
95	NULL
96	NULL
97	468
98	NULL
99	NULL
100	467
101	NULL
102	469
103	470
104	NULL
105	NULL
106	471
107	NULL
108	474
109	NULL
110	476
111	NULL
112	NULL
113	NULL
114	479
115	482
116	NULL
117	NULL
118	487
119	495
120	NULL
121	NULL
122	NULL
123	NULL
124	NULL
125	NULL
126	NULL
127	NULL
128	NULL
129	NULL
130	NULL
131	496
132	497
133	NULL
134	502
135	503
136	504
137	506
138	NULL
139	NULL
140	519
141	NULL
142	NULL
143	513
144	514
145	NULL
146	NULL
147	NULL
148	NULL
149	NULL
150	520
151	NULL
152	NULL
153	NULL
154	NULL
155	NULL
156	NULL
157	NULL
158	NULL
159	NULL
160	NULL
161	540
162	NULL
163	NULL
164	NULL
165	NULL
166	NULL
167	522
168	NULL
169	541
170	547
171	545
172	NULL
173	NULL
174	NULL
175	NULL
176	NULL
177	NULL
178	548
179	549
180	594
181	NULL
182	557
183	560
184	565
185	573
186	591
187	NULL
188	NULL
189	NULL
190	NULL
191	NULL
192	NULL
193	NULL
194	NULL
195	593
196	NULL
197	595
198	596
199	NULL
200	NULL
201	NULL
202	NULL
203	599
204	NULL
205	NULL
206	600
207	NULL
208	NULL
209	NULL
210	NULL
211	NULL
212	602
213	608
214	609
215	610
216	NULL
217	NULL
218	612
219	NULL
220	613
221	NULL
222	NULL
223	NULL
224	NULL
225	618
226	616
227	NULL
228	NULL
229	NULL
230	NULL
231	620
232	NULL
233	NULL
234	643
235	627
236	NULL
237	624
238	629
239	NULL
240	NULL
241	NULL
242	639
243	640
244	NULL
245	641
246	NULL
247	NULL
248	NULL
249	648
